998
0.0 -5.398387160890897e-05
0.001 -1.799462386963633e-05
0.002 1.7994623869636308e-05
0.003 5.398387160890903e-05
0.004 5.398387160890896e-05
0.005 -8.997311934818169e-05
0.006 -0.0002519247341749086
0.007 0.0
0.008 0.0006658010831765444
0.009000000000000001 0.0008097580741336339
0.01 -0.0012056397992656323
0.011 -0.0035089516545790873
0.012 -1.7994623869631104e-05
0.013000000000000001 0.009267231292862705
0.014 0.011282629166261986
0.015 -0.016788984070370782
0.016 -0.04887339842993238
0.017 -0.0002519247341745034
0.018000000000000002 0.12907543701690125
0.019 0.22114705025353448
0.02 0.1501598628140744
0.021 0.03928137363552926
0.022 -0.05150895165457927
0.023 -0.12221111305624476
0.024 -0.11522392561678782
0.025 0.19902706346743654
0.026000000000000002 0.5748126293273257
0.027 0.5991266015700686
0.028 0.271968980195661
0.029 0.021717991111449945
0.03 0.14021902573003617
0.031 0.35209543694699874
0.032 0.5912813736355387
0.033 0.8577768357956286
0.034 1.0592758011770298
0.035 0.9960392967529674
0.036000000000000004 0.8745234879306579
0.037 0.934812629327336
0.038 1.1769067209431021
0.039 1.4321432253671367
0.04 1.7083311288121732
0.041 1.987233394081805
0.042 2.2080954369468277
0.043000000000000003 2.3709172574078936
0.044 2.5427293539626965
0.045 2.760596506617141
0.046 2.994744029214437
0.047 3.338523487930629
0.048 3.791934882765531
0.049 4.214067730111147
0.05 4.492019963827122
0.051000000000000004 4.739183014921003
0.052000000000000005 5.10723339408186
0.053 5.596171101309028
0.054 6.08621886759271
0.055 6.559682986962828
0.056 7.025818179682883
0.057 7.418744029214247
0.058 7.7384605355571425
0.059000000000000004 8.096996416188565
0.06 8.623541853650302
0.061 9.190271500637573
0.062 9.715183014921344
0.063 10.198276396500644
0.064 10.695730959038308
0.065 11.257902964140948
0.066 11.829982829245605
0.067 12.257818179682744
0.068 12.54140901545303
0.069 12.875237010351315
0.07 13.435099644311471
0.07100000000000001 14.045488108791526
0.07200000000000001 14.51827150064125
0.073 14.853449819842822
0.074 15.189587185879871
0.075 15.553492056237516
0.076 15.918850693876662
0.077 16.157982829246077
0.078 16.27088846234065
0.079 16.41898359198457
0.08 16.729789143004492
0.081 17.07442160548378
0.082 17.261488108795742
0.083 17.29098865293088
0.084 17.300183101916055
0.085 17.25555594578754
0.08600000000000001 17.195051782888104
0.08700000000000001 17.07885069388537
0.088 16.906952678740318
0.089 16.69557983487513
0.09 16.335994098006235
0.091 15.944303354997746
0.092 15.666421605484148
0.093 15.502348849463775
0.094 15.22193458633303
0.095 14.456361426320674
0.096 13.577195187077228
0.097 12.875051782892942
0.098 12.34993121372252
0.099 11.77150437374308
0.1 10.949065870447749
0.101 10.064429264260099
0.10200000000000001 9.152303354995727
0.10300000000000001 8.212688142682278
0.10400000000000001 7.243126645975484
0.105 6.158560760000098
0.106 5.0448145124427635
0.107 3.9211951870892214
0.108 2.787702783925372
0.109 1.6322686699176137
0.11 0.39078476946763363
0.111 -0.8770260900328175
0.112 -2.25557073574989
0.113 -3.7448491677049
0.114 -5.191365267255499
0.115 -6.44757398746143
0.116 -7.659179772790625
0.117 -8.939185487558786
0.11800000000000001 -10.287591131735052
0.11900000000000001 -11.719382411508938
0.12 -13.472820593930178
0.121 -15.287490729196106
0.122 -16.661026090013188
0.123 -17.59342667645436
0.124 -18.655988494036045
0.125 -20.315914327530216
0.126 -22.10969043579125
0.127 -23.547179772806516
0.128 -24.628382338520716
0.129 -25.72045650506277
0.13 -26.917979991436525
0.131 -28.144175371995484
0.132 -29.423490729187094
0.133 -30.755926062983608
0.134 -31.990402576599628
0.135 -32.823805552611994
0.136 -33.56476477222453
0.137 -34.48569043581345
0.138 -35.58658254332325
0.139 -36.609179567319295
0.14 -37.287297745117186
0.14100000000000001 -37.87453143915681
0.14200000000000002 -38.35217537199315
0.14300000000000002 -38.720229543681704
0.14400000000000002 -39.13011136585237
0.145 -39.7263628790917
0.146 -40.35067537593029
0.147 -40.54876477222607
0.148 -40.320631067986
0.149 -40.17237955478148
0.15 -40.41778256214795
0.151 -40.73892382376598
0.152 -40.538531439163194
0.153 -39.81660540831183
0.154 -39.18720240096707
0.155 -39.018592991019176
0.156 -38.946258156723204
0.157 -38.43867537593748
0.158 -37.49584464862033
0.159 -36.576454058585895
0.16 -35.82651931229719
0.161 -35.10869037028774
0.162 -34.15492382376895
0.163 -32.965219672720366
0.164 -31.79515441899261
0.165 -30.744677381275288
0.166 -29.711407027299018
0.167 -28.38625815672002
0.168 -26.76923076956261
0.169 -25.195707807287082
0.17 -23.846964025561746
0.171 -22.547008011727932
0.17200000000000001 -21.076690370280147
0.17300000000000001 -19.43601110124604
0.17400000000000002 -17.776754882924184
0.17500000000000002 -16.072818976819335
0.176 -14.354705136963908
0.177 -12.567407027288313
0.178 -10.710924647813647
0.179 -8.894860553953388
0.18 -7.252501649538834
0.181 -5.642863905532369
0.182 -3.7870080117319294
0.183 -1.6849339681492825
0.184 0.3207071274222706
0.185 1.8977958832055997
0.186 3.378610459557896
0.187 5.109294863050451
0.188 7.089849093688594
0.189 9.032760337906343
0.19 10.781644014375313
0.191 12.479410339348629
0.192 14.117136094466076
0.193 15.69482127973365
0.194 17.273937603268894
0.195 18.869220318111
0.196 20.46113429142482
0.197 21.882610459549976
0.198 23.13364882248825
0.199 24.418366107641585
0.2 25.86744043907252
0.201 27.344469740652077
0.202 28.519410339366114
0.203 29.392262235221843
0.20400000000000001 30.311187903786173
0.20500000000000002 31.46694582890208
0.20600000000000002 32.6654420775182
0.20700000000000002 33.48513429145095
0.20800000000000002 33.92602247064003
0.209 34.43426454555198
0.21 35.27780116564272
0.211 36.18771934454057
0.212 36.696469740631066
0.213 36.8040523539368
0.214 36.92051573383692
0.215 37.14227049017232
0.216 37.386628746078124
0.217 37.54544207752036
0.218 37.6187104844869
0.219 37.65295572815375
0.22 37.54598569673251
0.221 37.39308310047804
0.222 36.99571934454374
0.223 36.353894428940016
0.224 35.75686446035189
0.225 35.38152926416127
0.226 35.052534660576924
0.227 34.51462874607542
0.228 33.7678115206394
0.229 32.991146716829235
0.23 32.131424001477505
0.231 31.24640214764024
0.232 30.2570831004767
0.233 29.163466859960852
0.234 28.103189575320513
0.23500000000000001 27.194406756499532
0.23600000000000002 26.309095406485184
0.23700000000000002 25.09253466057537
0.23800000000000002 23.544724518768213
0.23900000000000002 22.085507337612718
0.24 21.0382705894841
0.241 20.080933543158153
0.242 18.82240214764497
0.243 17.262676402965415
0.244 15.749913151077987
0.245 14.47738149630906
0.246 13.25597419767066
0.247 11.829095406498347
0.248 10.196745122767803
0.249 8.653276777542684
0.25 7.50107035885772
0.251 6.430705224153344
0.252 4.992933543154776
0.253 3.187755315868901
0.254 1.52396173455549
0.255 0.4896035277591748
0.256 -0.40210105955307274
0.257 -1.6320258023352352
0.258 -3.2001707005878677
0.259 -4.725812493792003
0.26 -6.022620970217996
0.261 -7.252120057894884
0.262 -8.249294775849014
0.263 -9.014145124081052
0.264 -9.893336647653683
0.265 -11.270297110804739
0.266 -12.751579750957752
0.267 -13.77010105956522
0.268 -14.325861036630139
0.269 -14.932900573477403
0.27 -15.825538581040577
0.271 -16.781996455335346
0.272 -17.56412005789054
0.273 -18.171909388704943
0.274 -18.751271381148072
0.275 -19.247243023882255
0.276 -19.724370623843747
0.277 -20.247579750937494
0.278 -20.816870405149736
0.279 -21.280898762420673
0.28 -21.315863753241707
0.281 -21.255192278604035
0.28200000000000003 -21.461996455342245
0.28300000000000003 -21.93627628346331
0.28400000000000003 -22.285311292630922
0.28500000000000003 -22.086849521442907
0.28600000000000003 -21.760321276556596
0.28700000000000003 -21.636370623860813
0.28800000000000003 -21.714997563333963
0.289 -21.721459334535396
0.29 -21.404029546969078
0.291 -21.005305593162042
0.292 -20.599192278600643
0.293 -20.18568960328749
0.294 -19.799119390850535
0.295 -19.521564136142956
0.296 -19.257957027702695
0.297 -18.68832127655766
0.298 -17.812656882705195
0.299 -17.002212137415622
0.3 -16.50586835901402
0.301 -16.078092794637538
0.302 -15.42130559316171
0.303 -14.535506754586619
0.304 -13.687850532992208
0.305 -13.032592890083876
0.306 -12.419342097216512
0.307 -11.665957027701984
0.308 -10.772437681532521
0.309 -9.89169532444012
0.31 -9.086432102171916
0.311 -8.296696566395367
0.312 -7.430092794636689
0.313 -6.4866207868971015
0.314 -5.563884009165021
0.315 -4.737456540326701
0.316 -3.9344098323157994
0.317 -3.115342097216589
0.318 -2.280253335027127
0.319 -1.4426808038665584
0.32 -0.5979594623947149
0.321 0.24695891396880887
0.322 1.0553034336048817
0.323 1.8270740965121157
0.324 2.582352755040984
0.325 3.2780240667940053
0.326 3.9598346278835184
0.327 4.665590167684197
0.328 5.395290686194209
0.329 6.107619374441486
0.33 6.746296397503737
0.331 7.366725876390201
0.332 7.990958913976054
0.333 8.618995510264238
0.334 9.196318487199651
0.335 9.57012549826236
0.336 9.894327641477213
0.337 10.247834627880813
0.338 10.63064645747802
0.339 11.024839446418271
0.34 11.459460578252756
0.341 11.897861104332218
0.342 12.190725876377705
0.343 12.338054894389133
0.34400000000000003 12.479433762556392
0.34500000000000003 12.622322597242663
0.34600000000000003 12.763727819230935
0.34700000000000003 12.862327641477947
0.34800000000000003 12.918122063999324
0.34900000000000003 12.96723322930393
0.35000000000000003 12.997055783132287
0.35100000000000003 13.01832836484492
0.352 12.953861104340186
0.353 12.803654001589463
0.354 12.645831447769504
0.355 12.472458366561204
0.356 12.292869288660704
0.357 12.059727819229392
0.358 11.7730339582664
0.359 11.498407039473717
0.36 11.281361348747936
0.361 11.073841676380834
0.362 10.754328364850906
0.363 10.322821414159883
0.364 9.899867104887743
0.365 9.530600515911077
0.366 9.172914180634844
0.367 8.772869288659917
0.368 8.330465839988948
0.369 7.867732428967239
0.37 7.331045874031328
0.371 6.778956852486806
0.372 6.297841676379368
0.373 5.887700345703739
0.374 5.464386900641466
0.375 4.976041720533564
0.376 4.468481754182629
0.377 3.892914180633672
0.378 3.249338999885776
0.379 2.649684179993866
0.38 2.237538213450352
0.381 1.867787706065327
0.382 1.3949568524879163
0.383 0.8190456527146783
0.384 0.27119161925781565
0.385 -0.146506732220969
0.386 -0.5354538692690647
0.387 -1.0115182458153849
0.388 -1.5746998618608177
0.389 -2.117001510382799
0.39 -2.5606324645555123
0.391 -2.9801418758677034
0.392 -3.4122122939360677
0.393 -3.8568437187607993
0.394 -4.245212764587669
0.395 -4.406347771509695
0.396 -4.522532392840506
0.397 -4.911453869272219
0.398 -5.573112200804142
0.399 -6.115977193882266
0.4 -6.136236336604483
0.401 -6.03931162389737
0.402 -6.252141875866951
0.403 -6.774727092514407
0.404 -7.202467949792624
0.405 -7.196960940957342
0.406 -7.09183034169826
0.40700000000000003 -7.186532392841796
0.40800000000000003 -7.481067094384675
0.40900000000000003 -7.742574103218991
0.41000000000000003 -7.837216836799721
0.41100000000000003 -7.88631315987013
0.41200000000000003 -7.8473116238960205
0.41300000000000003 -7.720212228876526
0.41400000000000003 -7.625569495295359
0.41500000000000004 -7.676074774262596
0.41600000000000004 -7.756553896490561
0.417 -7.691830341696217
0.418 -7.481904109879131
0.419 -7.303398830913344
0.42 -7.27583000284613
0.421 -7.2814413910105875
0.422 -7.182313159870106
0.423 -6.97844530942425
0.424 -6.750014137491767
0.425 -6.441545265582514
0.426 -6.119625577669923
0.427 -5.948553896490495
0.428 -5.928330222048375
0.429 -5.8527990939567855
0.43 -5.529803715314127
0.431 -5.145316696365115
0.432 -4.769441391012888
0.433 -4.402177799255058
0.434 -4.08517317789675
0.435 -3.9677067488071565
0.436 -3.8908081714213867
0.437 -3.5996255776738204
0.438 -3.0941589675627794
0.439 -2.6356253966529493
0.44 -2.4020907679994234
0.441 -2.2219977034920455
0.442 -1.9773166963638622
0.443 -1.6680477466159276
0.444 -1.3255823752698486
0.445 -0.8615640032040989
0.446 -0.37715967746677903
0.447 -0.12280817141958889
0.448 -0.09850948506251456
0.449 0.013472142872755777
0.45 0.5161947231528685
0.451 1.1017622189841563
0.452 1.34600229650636
0.453 1.248914955719174
0.454 1.2581923754382411
0.455 1.752290127321851
0.456 2.353830743261037
0.457 2.6388403225341137
0.458 2.607318865140845
0.459 2.625221113256429
0.46 2.8958670593576263
0.461 3.2278681866915457
0.462 3.517762218985379
0.463 3.7655491562391257
0.464 3.94290321013846
0.465 3.8458487036702045
0.466 3.692323870416181
0.467 3.8178307432612244
0.468 4.2223693222059735
0.46900000000000003 4.575423828673694
0.47000000000000003 4.674014792011883
0.47100000000000003 4.7046659991476645
0.47200000000000003 4.635868186691601
0.47300000000000003 4.467621354640669
0.47400000000000003 4.369030391302917
0.47500000000000003 4.56635838449191
0.47600000000000003 4.8290001176615505
0.47700000000000004 4.892323870416427
0.47800000000000004 4.756329642760428
0.47900000000000004 4.62300164956941
0.48 4.535002590860642
0.481 4.461335648107273
0.482 4.456665999148964
0.483 4.520993643982243
0.484 4.544992702695208
0.485 4.395677887552869
0.486 4.205698955842603
0.487 4.077000117660989
0.488 4.009581373011061
0.489 3.9028961881519724
0.49 3.6284878348873777
0.491 3.322449733681336
0.492 3.2533356481073348
0.493 3.421145578164517
0.494 3.5035539314282604
0.495 3.2031518008837288
0.496 2.8125973157082163
0.497 2.5496989558416865
0.498 2.414456721291057
0.499 2.2668588518333017
0.5 2.0476373774878374
0.501 1.8139126862111443
0.502 1.6584497336811568
0.503 1.5812485198941766
0.504 1.4804699942400357
0.505 1.2717714839493715
0.506 1.038180291283941
0.507 0.8525973157044592
0.508 0.7150225572111757
0.509 0.539721067501428
0.51 0.20516339778821335
0.511 -0.15938860821158862
0.512 -0.2980873137850282
0.513 -0.2109327189303567
0.514 -0.19637504921742044
0.515 -0.5114839149244349
0.516 -0.90162080627465
0.517 -1.121819708715263
0.518 -1.1720806222493552
0.519 -1.2409717565410177
0.52 -1.4139382067204498
0.521 -1.6073026795989862
0.522 -1.671388608215231
0.523 -1.6061959925686085
0.524 -1.6252295423897083
0.525 -2.003650979168721
0.526 -2.4566167080904284
0.527 -2.5576208062738846
0.528 -2.306663273719027
0.529 -2.120241836940019
0.53 -2.25317550165198
0.531 -2.4653312336479076
0.532 -2.6633026795977663
0.533 -2.8470898395015625
0.534 -2.970156174790059
0.535 -2.8528060439733696
0.536 -2.682020562982442
0.537 -2.6646167080886345
0.538 -2.8005944792919255
0.539 -2.9179446101082718
0.54 -2.9341091139681965
0.541 -2.9229566481067963
0.542 -2.865331233648292
0.543 -2.761232870593165
0.544 -2.68106836673313
0.545 -2.7047215515845062
0.546 -2.751372510507305
0.547 -2.730020562982736
0.548 -2.6406657090105288
0.549 -2.553012524159173
0.55 -2.48399260821628
0.551 -2.4202584989932543
0.552 -2.370956648106345
0.553 -2.3360870555553905
0.554 -2.2771069714984935
0.555 -2.119174963446477
0.556 -1.9402464754022068
0.557 -1.84737251050714
0.558 -1.8405530687613698
0.559 -1.8064850768130802
0.56 -1.6484568800284976
0.561 -1.4631921566329864
0.562 -1.3642584989943807
0.5630000000000001 -1.3516559071127185
0.5640000000000001 -1.3176841038972722
0.5650000000000001 -1.1832213569539993
0.5660000000000001 -1.024443717446838
0.5670000000000001 -0.8842464754020354
0.5680000000000001 -0.7626296308196958
0.5690000000000001 -0.6410923777634344
0.5700000000000001 -0.5166421173399757
0.5710000000000001 -0.39101988762754725
0.5720000000000001 -0.25519215663170197
0.5730000000000001 -0.10915892435314767
0.5740000000000001 0.022390815224059002
0.5750000000000001 0.0942317142106075
0.5760000000000001 0.1501652906605866
0.577 0.18355628255165707
0.578 0.19440468986453574
0.579 0.2505637908827227
0.58 0.49188611621570066
0.581 0.7733339569599845
0.582 0.9129801123718486
0.583 0.9108245824502939
0.584 0.9255022571175511
0.585 1.0321739128060157
0.586 1.1565101067891534
0.587 1.1581652906657234
0.588 1.0371394644367038
0.589 0.9944678087485878
0.59 1.286548663065587
0.591 1.6498075380937358
0.592 1.7253339569609887
0.593 1.5131279196660408
0.594 1.3490470653493292
0.595 1.4275073700993033
0.596 1.5647954265242472
0.597 1.6605101067900425
0.598 1.7146514108977613
0.599 1.764191106147419
0.6 1.8025545183378966
0.601 1.8333284332392852
0.602 1.7538075380934235
0.603 1.5639918329003135
0.604 1.4616284207099108
0.605 1.7282558866268776
0.606 2.069802638830125
0.607 2.01279542652393
0.608 1.5572342497067755
0.609 1.226606783790102
0.61 1.4650278944330475
0.611 1.8319085103850763
0.612 1.881328433239824
0.613 1.6132876629962063
0.614 1.3748665523528272
0.615 1.3101346354358558
0.616 1.2889165065638977
0.617 1.2698026388301056
0.618 1.2527930322331782
0.619 1.2535249491497924
0.62 1.32485700166801
0.621 1.4049225815215838
0.622 1.2799085103839745
0.623 0.949814788259739
0.624 0.6864827357404464
0.625 0.7258633879139269
0.626 0.8359996347380785
0.627 0.8329165065653933
0.628 0.7166140033950004
0.629 0.6132333512213761
0.63 0.5812304291242832
0.631 0.5630723048074062
0.632 0.45292258152090575
0.633 0.250781259265212
0.634 0.09078418136253957
0.635 0.1153626198282312
0.636 0.18301263257657768
0.637 0.17999963473642328
0.638 0.10632362630960679
0.639 0.017745187843556248
0.64 -0.11815375153820945
0.641 -0.2648954487262725
0.642 -0.38892769519121084
0.643 -0.49025049093291695
0.644 -0.5463515515512496
0.645 -0.42551514136627416
0.646 -0.26754891475390397
0.647 -0.2729873674233371
0.648 -0.441830499374244
0.649 -0.626666909559686
0.65 -0.8470582275856217
0.651 -1.0647893578192915
0.652 -1.0168954487264035
0.653 -0.7033765003073948
0.654 -0.48298518228124043
0.655 -0.6813000448384655
0.656 -0.9755020947221984
0.657 -1.0675489147535973
0.658 -0.957440504933094
0.659 -0.8871256423754973
0.66 -1.0111424001493248
0.661 -1.1762399682840978
0.662 -1.1687893578196817
0.663 -0.988790568756507
0.664 -0.8647738109828981
0.665 -0.994693557255448
0.666 -1.1798574612550718
0.667 -1.175502094721609
0.668 -0.9816274576546777
0.669 -0.8517077113821279
0.67 -1.0105674014237704
0.671 -1.2297644892886035
0.672 -1.176239968284044
0.673 -0.8499938384102547
0.674 -0.6271341483689058
0.675 -0.8652500626772294
0.676 -1.204845388784459
0.677 -1.2278574612550148
0.678 -0.9342862800896558
0.679 -0.6961703657812779
0.68 -0.7349334760560116
0.681 -0.8380709536922161
0.682 -0.8297644892884849
0.683 -0.710014082844929
0.684 -0.6072509725702154
0.685 -0.5918186021087145
0.686 -0.6001479629083247
0.687 -0.6528453887842244
0.6880000000000001 -0.7499108797369564
0.6890000000000001 -0.765343250198348
0.6900000000000001 -0.4465269534633699
0.6910000000000001 -0.06000052702218907
0.6920000000000001 -0.03807095369252195
0.6930000000000001 -0.380738233476105
0.6940000000000001 -0.6355545302105109
0.6950000000000001 -0.47555874638303613
0.6960000000000001 -0.2158594153932585
0.6970000000000001 -0.04814796290841458
0.6980000000000001 0.027575611072685677
0.6990000000000001 0.059579827244981426
0.7000000000000001 -0.06729549590332382
0.7010000000000001 -0.22603128848805615
0.7020000000000001 -0.2040005270195766
0.7030000000000001 -0.0012032115054745607
0.704 0.18967211164427553
0.705 0.3014218037416423
0.706 0.38742137656322223
0.707 0.33614058460632557
0.708 0.1475794278709558
0.709 0.03582973577369482
0.71 0.25520074827922384
0.711 0.5459305603724811
0.712 0.5739687115122877
0.713 0.33931520169885876
0.714 0.18394418919358105
0.715 0.39138867217254797
0.716 0.6796064686498889
0.717 0.7394213765625837
0.718 0.5708333959119349
0.719 0.4273889129331101
0.72 0.42424066213253736
0.721 0.45656000072767133
0.722 0.4979305603728095
0.723 0.5483523410691437
0.724 0.6155005918683388
0.725 0.7479805976843764
0.726 0.8882335415269331
0.727 0.8316064686502214
0.728 0.5780993790542415
0.729 0.3816193732384971
0.73 0.44748770545392086
0.731 0.5787095806487896
0.732 0.7045600007268057
0.733 0.8250389656873185
0.734 0.8871706334723922
0.735 0.7168472786647611
0.736 0.4937005875583003
0.737 0.39223354152671286
0.738 0.41244614056934814
0.739 0.45476949537734923
0.74 0.5643741958457401
0.741 0.6850986451706429
0.742 0.6747095806490001
0.743 0.5332070022816792
0.744 0.42360230181242087
0.745 0.46439146317712837
0.746 0.5376804448277601
0.747 0.49370058755851715
0.748 0.33245189136809833
0.749 0.22766273000433476
0.75 0.36910628862922046
0.751 0.5624275824235269
0.752 0.5330986451702012
0.753 0.28111947686978306
0.754 0.07567591824454017
0.755 0.0950965776339973
0.756 0.1683057091030407
0.757 0.18568044482850618
0.758 0.14722078480930953
0.759 0.1278001254199617
0.76 0.19424579824408109
0.761 0.2738523450184199
0.762 0.162427582423302
0.763 -0.14002848954084052
0.764 -0.3344741623651348
0.765 -0.06365540221569578
0.766 0.30562712115896234
0.767 0.2643057091035756
0.768 -0.1876196383829385
0.769 -0.5224383985328405
0.77 -0.31742142926182576
0.771 0.012927351204479812
0.772 0.12185234501873622
0.773 0.009353552179212216
0.774 -0.13166341709155635
0.775 -0.3482446074512136
0.776 -0.5726442042876864
0.777 -0.5423728788412707
0.778 -0.2574306311111003
0.779 -0.04084944075144134
0.78 -0.1420030750554687
0.781 -0.31794621123675415
0.782 -0.3870726487946625
0.783 -0.3493823877275676
0.784 -0.3122287534240058
0.785 -0.2957984433234846
0.786 -0.28660275303634286
0.787 -0.32464420428779306
0.788 -0.4099227970784857
0.789 -0.4903531071787136
0.79 -0.5431751314692069
0.791 -0.582492331269776
0.792 -0.4699462112373043
0.793 -0.2055367713715752
0.794 -0.024714747081776983
0.795 -0.20465339724056938
0.796 -0.46828988474174965
0.797 -0.5826027530363413
0.798 -0.5475920021239108
0.799 -0.4956533519649654
0.8 -0.40197242989954174
0.801 -0.3015660551155099
0.802 -0.2864923312697774
0.803 -0.3567512583624527
0.804 -0.38643218042838656
0.805 -0.2389606213517312
0.806 -0.05763488687454861
0.807 -0.11628988474206205
0.808 -0.41492561495383784
0.809 -0.6263971740301999
0.81 -0.4474762690257275
0.811 -0.17732236112625882
0.812 -0.053566055115725035
0.8130000000000001 -0.07620735099304193
0.8140000000000001 -0.12712825599799255
0.8150000000000001 -0.2657071450080754
0.8160000000000001 -0.41687816889333407
0.8170000000000001 -0.35363488687422184
0.8180000000000001 -0.07597729895138933
0.8190000000000001 0.12660159005883387
0.8200000000000001 -0.008423761088411502
0.8210000000000001 -0.21897200338063302
0.8220000000000001 -0.2253223611259304
0.8230000000000001 -0.027474834324195223
0.8240000000000001 0.10755051682294174
0.8250000000000001 -0.044225510225119266
0.8260000000000001 -0.2567298784407999
0.8270000000000001 -0.2168781688926787
0.8280000000000001 0.07532961841729291
0.8290000000000001 0.29110564546506057
0.8300000000000001 0.15726661793940155
0.8310000000000001 -0.05524629478827377
0.8320000000000001 -0.06697200338225129
0.833 0.12208949216299843
0.834 0.2559285196882238
0.835 0.1339581613789406
0.836 -0.044718248600936726
0.837 -0.056729878440686665
0.838 0.09792327185871498
0.839 0.21989363016832342
0.84 0.1821476413626155
0.841 0.10919081437816852
0.842 0.144753705211189
0.843 0.2888363138611348
0.844 0.3905823026670915
0.845 0.30410881769445464
0.846 0.17338964989818945
0.847 0.10728175139917973
0.848 0.10578512219710026
0.849 0.12825860716959672
0.85 0.23537580635631714
0.851 0.3582642841984743
0.852 0.3571908143786039
0.853 0.23215539689670597
0.854 0.12503819770966032
0.855 0.11115247129688584
0.856 0.12231032887931662
0.857 0.17338964989786418
0.858 0.26439043435480536
0.859 0.3422761607671781
0.86 0.36075879180090703
0.861 0.36208032011
0.862 0.31026428419847746
0.863 0.20531068406525518
0.864 0.1228280530314943
0.865 0.13947061391396137
0.866 0.17881415266443168
0.867 0.17031032887898817
0.868 0.11395914255817301
0.869 0.09731658167613962
0.87 0.2478298029907379
0.871 0.4293178171914337
0.872 0.36208032011
0.873 0.04611731174914736
0.874 -0.1683959095663502
0.875 0.066146627962331
0.876 0.3996352880096922
0.877 0.42681415266432493
0.878 0.14768322192503652
0.879 -0.0868593156037531
0.88 -0.08977701152206463
0.881 -0.03442378504947205
0.882 0.029317817191098702
0.883 0.10144779519812973
0.884 0.16836549111669002
0.885 0.21297521072443423
0.886 0.24643172130299137
0.887 0.15163528800969053
0.888 -0.07141408915427565
0.889 -0.2440238087621921
0.89 -0.19257003833715852
0.891 -0.08353211670779868
0.892 0.06157621495106371
0.893 0.2427549566384529
0.894 0.31930118621348313
0.895 -0.02895574744755415
0.896 -0.4638813552097602
0.897 -0.4495682786972337
0.898 0.013983482092627501
0.899 0.36224041575344795
0.9 0.17118957407159188
0.901 -0.14680685623505874
0.902 -0.2835321167076951
0.903 -0.23898620734534148
0.904 -0.17593536566398293
0.905 -0.07039021554533248
0.906 0.04058536791817953
0.907 0.03211864478980947
0.908 -0.09579038492979214
0.909 -0.20133553504920151
0.91 -0.19665259170381644
0.911 -0.16499799291083955
0.912 -0.14680685623560083
0.913 -0.1420791816762572
0.914 -0.14676212502153385
0.915 -0.18674606830923826
0.916 -0.23055726867103088
0.917 -0.15941463208182532
0.918 0.026681841459028945
0.919 0.13066578474644
0.92 -0.11379236462371982
0.921 -0.4308037684862785
0.922 -0.41299799291105804
0.923 -0.060375037896215344
0.924 0.18408311147275186
0.925 -0.062347036418591156
0.926 -0.4166954901394827
0.927 -0.4305572686711442
0.928 -0.10393237201411758
0.929 0.14249777587776752
0.93 0.008933854762200287
0.931 -0.21093309346582878
0.932 -0.2308037684864905
0.933 -0.05067817029978487
0.934 0.08288575081589078
0.935 -0.004578996911134246
0.936 -0.14436781838121204
0.937 -0.21669549013958628
0.9380000000000001 -0.22156201218376334
0.9390000000000001 -0.19809726445785442
0.9400000000000001 -0.07303981151114083
0.9410000000000001 0.06978363612214054
0.9420000000000001 0.03706690653438975
0.9430000000000001 -0.17119000027428483
0.9440000000000001 -0.29624745322088997
0.9450000000000001 -0.05797836424522619
0.9460000000000001 0.25733872408874314
0.9470000000000001 0.25563218161793033
0.9480000000000001 -0.06309799165592991
0.9490000000000001 -0.3013670806320274
0.9500000000000001 -0.1626572879221723
0.9510000000000001 0.060958501118830305
0.9520000000000001 0.06978363612214054
0.9530000000000001 -0.13618188291451838
0.9540000000000001 -0.2748916756233977
0.9550000000000001 -0.10722366666987906
0.9560000000000001 0.1320802915802605
0.9570000000000001 0.25733872408874314
0.9580000000000001 0.26855163085513517
0.9590000000000001 0.22888362190124667
0.96 0.005525954544210315
0.961 -0.2518344189948859
0.962 -0.23504149888084294
0.963 0.05590471488558027
0.964 0.27926238224272504
0.965 0.18458703028600454
0.966 0.014237842495159851
0.967 -0.06791970841952752
0.968 -0.06188562245859966
0.969 -0.031210270502127907
0.97 0.0826924694602351
0.971 0.21116421392822388
0.972 0.19616558100522904
0.973 0.03769657069157585
0.974 -0.076206169271004
0.975 0.01310754215604927
0.976 0.1500611525016588
0.977 0.21423784249527314
0.978 0.20563761213635012
0.979 0.18032390070922033
0.98 0.10081312072445468
0.981 0.009691921097382435
0.982 -0.03683578607145254
0.983 -0.038770000783568126
0.984 -0.023259220798183856
0.985 0.05427614798217666
0.986 0.1456257428641061
0.987 0.1980611525015472
0.988 0.21158237689590953
0.989 0.19804700811503884
0.99 0.08305295102779137
0.991 -0.05093152100012124
0.992 -0.038308078902289135
0.993 0.12092327732009504
0.994 0.23591733440766777
0.995 0.14846516640837532
0.996 0.013332963136433902
0.997 -0.054374257135898774
