136 130 16 2 3 
0 0.0 0.0 0.0 0 1 0
1 250.0 0.0 0.0 0 1 0
2 500.0 0.0 0.0 0 1 0
3 0.0 250.0 0.0 0 1 0
4 250.0 250.0 0.0 0 1 0
5 500.0 250.0 0.0 0 1 0
6 0.0 0.0 250.0 0 1 0
7 250.0 0.0 250.0 0 1 0
8 500.0 0.0 250.0 0 1 0
9 0.0 250.0 250.0 0 1 0
10 250.0 250.0 250.0 0 1 0
11 500.0 250.0 250.0 0 1 0
12 0.0 0.0 500.0 0 1 0
13 250.0 0.0 500.0 0 1 0
14 500.0 0.0 500.0 0 1 0
15 0.0 250.0 500.0 0 1 0
16 250.0 250.0 500.0 0 1 0
17 500.0 250.0 500.0 0 1 0
18 0.0 0.0 750.0 0 1 0
19 250.0 0.0 750.0 0 1 0
20 500.0 0.0 750.0 0 1 0
21 0.0 250.0 750.0 0 1 0
22 250.0 250.0 750.0 0 1 0
23 500.0 250.0 750.0 0 1 0
24 0.0 0.0 1000.0 0 1 0
25 250.0 0.0 1000.0 0 1 0
26 500.0 0.0 1000.0 0 1 0
27 0.0 250.0 1000.0 0 1 0
28 250.0 250.0 1000.0 0 1 0
29 500.0 250.0 1000.0 0 1 0
30 0.0 0.0 1250.0 0 1 0
31 250.0 0.0 1250.0 0 1 0
32 500.0 0.0 1250.0 0 1 0
33 0.0 250.0 1250.0 0 1 0
34 250.0 250.0 1250.0 0 1 0
35 500.0 250.0 1250.0 0 1 0
36 0.0 0.0 1500.0 0 1 0
37 250.0 0.0 1500.0 0 1 0
38 500.0 0.0 1500.0 0 1 0
39 0.0 250.0 1500.0 0 1 0
40 250.0 250.0 1500.0 0 1 0
41 500.0 250.0 1500.0 0 1 0
42 0.0 0.0 1750.0 0 1 0
43 250.0 0.0 1750.0 0 1 0
44 500.0 0.0 1750.0 0 1 0
45 0.0 250.0 1750.0 0 1 0
46 250.0 250.0 1750.0 0 1 0
47 500.0 250.0 1750.0 0 1 0
48 0.0 0.0 2000.0 0 1 0
49 250.0 0.0 2000.0 0 1 0
50 500.0 0.0 2000.0 0 1 0
51 0.0 250.0 2000.0 0 1 0
52 250.0 250.0 2000.0 0 1 0
53 500.0 250.0 2000.0 0 1 0
54 0.0 0.0 2250.0 0 1 0
55 250.0 0.0 2250.0 0 1 0
56 500.0 0.0 2250.0 0 1 0
57 0.0 250.0 2250.0 0 1 0
58 250.0 250.0 2250.0 0 1 0
59 500.0 250.0 2250.0 0 1 0
60 0.0 0.0 2500.0 0 1 0
61 250.0 0.0 2500.0 0 1 0
62 500.0 0.0 2500.0 0 1 0
63 0.0 250.0 2500.0 0 1 0
64 250.0 250.0 2500.0 0 1 0
65 500.0 250.0 2500.0 0 1 0
66 0.0 0.0 2750.0 0 1 0
67 250.0 0.0 2750.0 0 1 0
68 500.0 0.0 2750.0 0 1 0
69 0.0 250.0 2750.0 0 1 0
70 250.0 250.0 2750.0 0 1 0
71 500.0 250.0 2750.0 0 1 0
72 0.0 0.0 3000.0 0 1 0
73 250.0 0.0 3000.0 0 1 0
74 500.0 0.0 3000.0 0 1 0
75 0.0 250.0 3000.0 0 1 0
76 250.0 250.0 3000.0 0 1 0
77 500.0 250.0 3000.0 0 1 0
78 0.0 0.0 3250.0 0 1 0
79 250.0 0.0 3250.0 0 1 0
80 500.0 0.0 3250.0 0 1 0
81 0.0 250.0 3250.0 0 1 0
82 250.0 250.0 3250.0 0 1 0
83 500.0 250.0 3250.0 0 1 0
84 0.0 0.0 3500.0 0 1 0
85 250.0 0.0 3500.0 0 1 0
86 500.0 0.0 3500.0 0 1 0
87 0.0 250.0 3500.0 0 1 0
88 250.0 250.0 3500.0 0 1 0
89 500.0 250.0 3500.0 0 1 0
90 0.0 0.0 3750.0 0 1 0
91 250.0 0.0 3750.0 0 1 0
92 500.0 0.0 3750.0 0 1 0
93 0.0 250.0 3750.0 0 1 0
94 250.0 250.0 3750.0 0 1 0
95 500.0 250.0 3750.0 0 1 0
96 0.0 0.0 4000.0 0 1 0
97 250.0 0.0 4000.0 0 1 0
98 500.0 0.0 4000.0 0 1 0
99 0.0 250.0 4000.0 0 1 0
100 250.0 250.0 4000.0 0 1 0
101 500.0 250.0 4000.0 0 1 0
102 250.0 0.0 0.0 1 1 1
103 250.0 250.0 0.0 1 1 1
104 250.0 0.0 250.0 1 1 1
105 250.0 250.0 250.0 1 1 1
106 250.0 0.0 500.0 1 1 1
107 250.0 250.0 500.0 1 1 1
108 250.0 0.0 750.0 1 1 1
109 250.0 250.0 750.0 1 1 1
110 250.0 0.0 1000.0 1 1 1
111 250.0 250.0 1000.0 1 1 1
112 250.0 0.0 1250.0 1 1 1
113 250.0 250.0 1250.0 1 1 1
114 250.0 0.0 1500.0 1 1 1
115 250.0 250.0 1500.0 1 1 1
116 250.0 0.0 1750.0 1 1 1
117 250.0 250.0 1750.0 1 1 1
118 250.0 0.0 2000.0 1 1 1
119 250.0 250.0 2000.0 1 1 1
120 250.0 0.0 2250.0 1 1 1
121 250.0 250.0 2250.0 1 1 1
122 250.0 0.0 2500.0 1 1 1
123 250.0 250.0 2500.0 1 1 1
124 250.0 0.0 2750.0 1 1 1
125 250.0 250.0 2750.0 1 1 1
126 250.0 0.0 3000.0 1 1 1
127 250.0 250.0 3000.0 1 1 1
128 250.0 0.0 3250.0 1 1 1
129 250.0 250.0 3250.0 1 1 1
130 250.0 0.0 3500.0 1 1 1
131 250.0 250.0 3500.0 1 1 1
132 250.0 0.0 3750.0 1 1 1
133 250.0 250.0 3750.0 1 1 1
134 250.0 0.0 4000.0 1 1 1
135 250.0 250.0 4000.0 1 1 1
0 3d8solid 0 0 1 4 3 6 7 10 9
1 3d8solid 0 102 2 5 103 104 8 11 105
2 3d8solid 0 6 7 10 9 12 13 16 15
3 3d8solid 0 104 8 11 105 106 14 17 107
4 3d8solid 0 12 13 16 15 18 19 22 21
5 3d8solid 0 106 14 17 107 108 20 23 109
6 3d8solid 0 18 19 22 21 24 25 28 27
7 3d8solid 0 108 20 23 109 110 26 29 111
8 3d8solid 0 24 25 28 27 30 31 34 33
9 3d8solid 0 110 26 29 111 112 32 35 113
10 3d8solid 0 30 31 34 33 36 37 40 39
11 3d8solid 0 112 32 35 113 114 38 41 115
12 3d8solid 0 36 37 40 39 42 43 46 45
13 3d8solid 0 114 38 41 115 116 44 47 117
14 3d8solid 0 42 43 46 45 48 49 52 51
15 3d8solid 0 116 44 47 117 118 50 53 119
16 3d8solid 0 48 49 52 51 54 55 58 57
17 3d8solid 0 118 50 53 119 120 56 59 121
18 3d8solid 0 54 55 58 57 60 61 64 63
19 3d8solid 0 120 56 59 121 122 62 65 123
20 3d8solid 0 60 61 64 63 66 67 70 69
21 3d8solid 0 122 62 65 123 124 68 71 125
22 3d8solid 0 66 67 70 69 72 73 76 75
23 3d8solid 0 124 68 71 125 126 74 77 127
24 3d8solid 0 72 73 76 75 78 79 82 81
25 3d8solid 0 126 74 77 127 128 80 83 129
26 3d8solid 0 78 79 82 81 84 85 88 87
27 3d8solid 0 128 80 83 129 130 86 89 131
28 3d8solid 0 84 85 88 87 90 91 94 93
29 3d8solid 0 130 86 89 131 132 92 95 133
30 3d8solid 0 90 91 94 93 96 97 100 99
31 3d8solid 0 132 92 95 133 134 98 101 135
32 2d4visco 0 0 6 9 3
33 2d4visco 0 2 5 11 8
34 2d4visco 0 6 12 15 9
35 2d4visco 0 8 11 17 14
36 2d4visco 0 12 18 21 15
37 2d4visco 0 14 17 23 20
38 2d4visco 0 18 24 27 21
39 2d4visco 0 20 23 29 26
40 2d4visco 0 24 30 33 27
41 2d4visco 0 26 29 35 32
42 2d4visco 0 30 36 39 33
43 2d4visco 0 32 35 41 38
44 2d4visco 0 36 42 45 39
45 2d4visco 0 38 41 47 44
46 2d4visco 0 42 48 51 45
47 2d4visco 0 44 47 53 50
48 2d4visco 0 48 54 57 51
49 2d4visco 0 50 53 59 56
50 2d4visco 0 54 60 63 57
51 2d4visco 0 56 59 65 62
52 2d4visco 0 60 66 69 63
53 2d4visco 0 62 65 71 68
54 2d4visco 0 66 72 75 69
55 2d4visco 0 68 71 77 74
56 2d4visco 0 72 78 81 75
57 2d4visco 0 74 77 83 80
58 2d4visco 0 78 84 87 81
59 2d4visco 0 80 83 89 86
60 2d4visco 0 84 90 93 87
61 2d4visco 0 86 89 95 92
62 2d4visco 0 90 96 99 93
63 2d4visco 0 92 95 101 98
64 spring 1 1 102
65 spring 1 4 103
66 spring 1 7 104
67 spring 1 10 105
68 spring 1 13 106
69 spring 1 16 107
70 spring 1 19 108
71 spring 1 22 109
72 spring 1 25 110
73 spring 1 28 111
74 spring 1 31 112
75 spring 1 34 113
76 spring 1 37 114
77 spring 1 40 115
78 spring 1 43 116
79 spring 1 46 117
80 spring 1 49 118
81 spring 1 52 119
82 spring 1 55 120
83 spring 1 58 121
84 spring 1 61 122
85 spring 1 64 123
86 spring 1 67 124
87 spring 1 70 125
88 spring 1 73 126
89 spring 1 76 127
90 spring 1 79 128
91 spring 1 82 129
92 spring 1 85 130
93 spring 1 88 131
94 spring 1 91 132
95 spring 1 94 133
96 spring 1 97 134
97 spring 1 100 135
98 2d4fault 0 1 4 10 7
99 2d4fault 0 102 103 105 104
100 2d4fault 0 7 10 16 13
101 2d4fault 0 104 105 107 106
102 2d4fault 0 13 16 22 19
103 2d4fault 0 106 107 109 108
104 2d4fault 0 19 22 28 25
105 2d4fault 0 108 109 111 110
106 2d4fault 0 25 28 34 31
107 2d4fault 0 110 111 113 112
108 2d4fault 0 31 34 40 37
109 2d4fault 0 112 113 115 114
110 2d4fault 0 37 40 46 43
111 2d4fault 0 114 115 117 116
112 2d4fault 0 43 46 52 49
113 2d4fault 0 116 117 119 118
114 2d4fault 0 49 52 58 55
115 2d4fault 0 118 119 121 120
116 2d4fault 0 55 58 64 61
117 2d4fault 0 120 121 123 122
118 2d4fault 0 61 64 70 67
119 2d4fault 0 122 123 125 124
120 2d4fault 0 67 70 76 73
121 2d4fault 0 124 125 127 126
122 2d4fault 0 73 76 82 79
123 2d4fault 0 126 127 129 128
124 2d4fault 0 79 82 88 85
125 2d4fault 0 128 129 131 130
126 2d4fault 0 85 88 94 91
127 2d4fault 0 130 131 133 132
128 2d4fault 0 91 94 100 97
129 2d4fault 0 132 133 135 134
0 99 98 64 65 67 66 70000000.0 81240000.0 63000000.0 0.4
1 101 100 66 67 69 68 70000000.0 81240000.0 63000000.0 0.4
2 103 102 68 69 71 70 70000000.0 81240000.0 63000000.0 0.4
3 105 104 70 71 73 72 70000000.0 81240000.0 63000000.0 0.4
4 107 106 72 73 75 74 70000000.0 81240000.0 63000000.0 0.4
5 109 108 74 75 77 76 70000000.0 81240000.0 63000000.0 0.4
6 111 110 76 77 79 78 81600000.0 81240000.0 63000000.0 0.4
7 113 112 78 79 81 80 81600000.0 81240000.0 63000000.0 0.4
8 115 114 80 81 83 82 81600000.0 81240000.0 63000000.0 0.4
9 117 116 82 83 85 84 81600000.0 81240000.0 63000000.0 0.4
10 119 118 84 85 87 86 70000000.0 81240000.0 63000000.0 0.4
11 121 120 86 87 89 88 70000000.0 81240000.0 63000000.0 0.4
12 123 122 88 89 91 90 70000000.0 81240000.0 63000000.0 0.4
13 125 124 90 91 93 92 70000000.0 81240000.0 63000000.0 0.4
14 127 126 92 93 95 94 70000000.0 81240000.0 63000000.0 0.4
15 129 128 94 95 97 96 70000000.0 81240000.0 63000000.0 0.4
0 vs_vp_rho 3464.0 6000.0 2670.0
1 spring 1000000000000000.0 1000000000000000.0
