0 0 0 0 0 0 0 0.0269663 0.0269663
0.005 0 0 0 0 0 0 0.0527752 0.0527752
0.01 0 0 0 0 0 0 0.0763677 0.0763677
0.015 0 0 0 0 0 0 0.0968718 0.0968718
0.02 0 0 0 0 0 0 0.113674 0.113674
0.025 0 0 0 0 0 0 0.126468 0.126468
0.03 0 0 0 0 0 0 0.135271 0.135271
0.035 0 0 0 0 0 0 0.140417 0.140417
0.04 0 0 0 0 0 0 0.142514 0.142514
0.045 0 0 0 0 0 0 0.142386 0.142386
0.05 0 0 0 0 0 0 0.140989 0.14099
0.055 0 0 0 0 0 0 0.139325 0.139326
0.06 0 0 0 0 0 0 0.138347 0.13835
0.065 0 0 0 0 0 0 0.138882 0.138889
0.07 0 0 0 0 0 0 0.141563 0.141577
0.075 0 0 0 0 0 0 0.146781 0.146809
0.08 0 0 0 0 0 0 0.154669 0.154721
0.085 0 0 0 0 0 0 0.165106 0.165199
0.09 0 0 0 0 0 0 0.177747 0.177908
0.095 0 0 0 0 0 0 0.192077 0.192345
0.1 0 0 0 0 0 0 0.207472 0.207903
0.105 0 0 0 0 0 0 0.223274 0.223946
0.11 0 0 0 0 0 0 0.238861 0.23988
0.115 0 0 0 0 0 0 0.253707 0.255215
0.12 0 0 0 0 0 0 0.267438 0.269615
0.125 0 0 0 0 0 0 0.279853 0.282927
0.13 0 0 0 0 0 0 0.290938 0.29519
0.135 0 0 0 0 0 0 0.300853 0.306619
0.14 0 0 0 0 0 0 0.309896 0.317573
0.145 0 0 0 0 0 0 0.318461 0.328508
0.15 0 0 0 0 0 0 0.326985 0.339919
0.155 0 0 0 0 0 0 0.335888 0.352283
0.16 0 0 0 0 0 0 0.345526 0.366003
0.165 0 0 0 0 0 0 0.35615 0.381371
0.17 0 0 0 0 0 0 0.367881 0.398534
0.175 0 0 0 0 0 0 0.380707 0.417492
0.18 0 0 0 0 0 0 0.39449 0.438107
0.185 0 0 0 0 0 0 0.409001 0.46013
0.19 0 0 0 0 0 0 0.423952 0.48324
0.195 0 0 0 0 0 0 0.439047 0.507095
0.2 0 0 0 0 0 0 0.45403 0.531379
0.205 0 0 0 0 0 0 0.468721 0.555847
0.21 0 0 0 0 0 0 0.483049 0.58036
0.215 0 0 0 0 0 0 0.497064 0.604902
0.22 0 0 0 0 0 0 0.510942 0.629587
0.225 0 0 0 0 0 0 0.524962 0.654645
0.23 0 0 0 0 0 0 0.539479 0.6804
0.235 0 0 0 0 0 0 0.554888 0.707231
0.24 0 0 0 0 0 0 0.571578 0.735539
0.245 0 0 0 0 0 0 0.589898 0.7657
0.25 0 0 0 0 0 0 0.610116 0.798039
0.255 0 0 0 0 0 0 0.632403 0.8328
0.26 0 0 0 0 0 0 0.656817 0.870131
0.265 0 0 0 0 0 0 0.683308 0.910087
0.27 0 0 0 0 0 0 0.711729 0.952635
0.275 0 0 0 0 0 0 0.741865 0.997674
0.28 0 0 0 0 0 0 0.773459 1.04506
0.285 0 0 0 0 0 0 0.806249 1.09463
0.29 0 0 0 0 0 0 0.84 1.14626
0.295 0 0 0 0 0 0 0.874532 1.19982
0.3 0 0 0 0 0 0 0.909741 1.2553
0.305 0 0 0 0 0 0 0.945617 1.31271
0.31 0 0 0 0 0 0 0.982241 1.37218
0.315 0 0 0 0 0 0 1.01978 1.43389
0.32 0 0 0 0 0 0 1.05848 1.4981
0.325 0 0 0 0 0 0 1.09862 1.56509
0.33 0 0 0 0 0 0 1.14051 1.63519
0.335 0 0 0 0 0 0 1.18447 1.70871
0.34 0 0 0 0 0 0 1.23076 1.78595
0.345 0 0 0 0 0 0 1.27962 1.86718
0.35 0 0 0 0 0 0 1.3312 1.95259
0.355 0 0 0 0 0 0 1.38559 2.04236
0.36 0 0 0 0 0 0 1.44284 2.13658
0.365 0 0 0 0 0 0 1.5029 2.23532
0.37 0 0 0 0 0 0 1.56573 2.33864
0.375 0 0 0 0 0 0 1.63124 2.44655
0.38 0 0 0 0 0 0 1.69936 2.55911
0.385 0 0 0 0 0 0 1.77005 2.67637
0.39 0 0 0 0 0 0 1.84327 2.79842
0.395 0 0 0 0 0 0 1.91907 2.92539
0.4 0 0 0 0 0 0 1.99753 3.05745
0.405 0 0 0 0 0 0 2.07876 3.1948
0.41 0 0 0 0 0 0 2.16294 3.33768
0.415 0 0 0 0 0 0 2.25031 3.48637
0.42 0 0 0 0 0 0 2.34111 3.64118
0.425 0 0 0 0 0 0 2.43563 3.77026
0.43 0 0 0 0 0 0 2.5342 3.84369
0.435 0 0 0 0 0 0 2.63713 3.86494
0.44 0 0 0 0 0 0 2.74477 3.84073
0.445 0 0 0 0 0 0 2.85744 3.7803
0.45 0 0 0 0 0 0 2.97505 3.69458
0.455 0 0 0 0 0 0 3.08387 3.59518
0.46 0 0 0 0 0 0 3.18366 3.49333
0.465 0 0 0 0 0 0 3.25996 3.39897
0.47 0 0 0 0 0 0 3.30162 3.31989
0.475 0 0 0 0 0 0 3.3119 3.26125
0.48 0 0 0 0 0 0 3.29301 3.22527
0.485 0 0 0 0 0 0 3.24096 3.21126
0.49 0 0 0 0 0 0 3.16368 3.21597
0.495 0 0 0 0 0 0 3.07003 3.23413
0.5 0 0 0 0 0 0 2.96913 3.25923
0.505 0 0 0 0 0 0 2.86956 3.28431
0.51 0 0 0 0 0 0 2.77871 3.30279
0.515 0 0 0 0 0 0 2.70219 3.30922
0.52 0 0 0 0 0 0 2.64354 3.29983
0.525 0 0 0 0 0 0 2.60402 3.27287
0.53 0 0 0 0 0 0 2.58276 3.22869
0.535 0 0 0 0 0 0 2.57698 3.16961
0.54 0 0 0 0 0 0 2.58244 3.09953
0.545 0 0 0 0 0 0 2.59393 3.02339
0.55 0 0 0 0 0 0 2.60594 2.94657
0.555 0 0 0 0 0 0 2.61317 2.8742
0.56 0 0 0 0 0 0 2.61108 2.81062
0.565 0 0 0 0 0 0 2.59633 2.75884
0.57 0 0 0 0 0 0 2.56705 2.72029
0.575 0 0 0 0 0 0 2.52292 2.69469
0.58 0 0 0 0 0 0 2.46517 2.68011
0.585 0 0 0 0 0 0 2.39633 2.67334
0.59 0 0 0 0 0 0 2.31994 2.67022
0.595 0 0 0 0 0 0 2.24012 2.66628
0.6 0 0 0 0 0 0 2.16114 2.6572
0.605 0 0 0 0 0 0 2.08696 2.63945
0.61 0 0 0 0 0 0 2.02085 2.61065
0.615 0 0 0 0 0 0 1.96509 2.56991
0.62 0 0 0 0 0 0 1.92079 2.51792
0.625 0 0 0 0 0 0 1.88785 2.45688
0.63 0 0 0 0 0 0 1.865 2.39024
0.635 0 0 0 0 0 0 1.85004 2.32224
0.64 0 0 0 0 0 0 1.84013 2.25747
0.645 0 0 0 0 0 0 1.83214 2.20028
0.65 0 0 0 0 0 0 1.82302 2.15428
0.655 0 0 0 0 0 0 1.81023 2.12196
0.66 0 0 0 0 0 0 1.79198 2.10438
0.665 0 0 0 0 0 0 1.76751 2.1011
0.67 0 0 0 0 0 0 1.73718 2.11028
0.675 0 0 0 0 0 0 1.70247 2.12889
0.68 0 0 0 0 0 0 1.66584 2.15311
0.685 0 0 0 0 0 0 1.63051 2.17877
0.69 0 0 0 0 0 0 1.60012 2.20185
0.695 0 0 0 0 0 0 1.57833 2.21887
0.7 0 0 0 0 0 0 1.56849 2.22734
0.705 0 0 0 0 0 0 1.57323 2.22592
0.71 0 0 0 0 0 0 1.59418 2.21458
0.715 0 0 0 0 0 0 1.63177 2.19453
0.72 0 0 0 0 0 0 1.68512 2.16803
0.725 0 0 0 0 0 0 1.75204 2.1381
0.73 0 0 0 0 0 0 1.82916 2.10813
0.735 0 0 0 0 0 0 1.91218 2.08147
0.74 0 0 0 0 0 0 1.99611 2.06103
0.745 0 0 0 0 0 0 2.07567 2.04892
0.75 0 0 0 0 0 0 2.14561 2.04625
0.755 0 0 0 0 0 0 2.20112 2.05297
0.76 0 0 0 0 0 0 2.23811 2.06792
0.765 0 0 0 0 0 0 2.25356 2.08893
0.77 0 0 0 0 0 0 2.24568 2.11315
0.775 0 0 0 0 0 0 2.21412 2.13728
0.78 0 0 0 0 0 0 2.15998 2.15804
0.785 0 0 0 0 0 0 2.08583 2.17248
0.79 0 0 0 0 0 0.809038 1.99556 2.17828
0.795 0 0 0 0 0 1.38348 1.89418 2.17404
0.8 0 0 0 0 0 1.88685 1.78751 2.15936
0.805 0 0 0 0 0 2.27786 1.68182 2.13488
0.81 0 0 0 0 0 2.5261 1.58343 2.10218
0.815 0 0 0 0 0 2.61445 1.49822 2.06359
0.82 0 0 0 0 0 2.54023 1.43128 2.02191
0.825 0 0 0 0 0 2.31496 1.38647 1.98009
0.83 0 0 0 0 0 1.96283 1.36616 1.94094
0.835 0 0 0 0 0 1.51816 1.37105 1.90682
0.84 0 0 0 0 0 1.02195 1.40011 1.8794
0.845 0 0 0 0 0 0.518021 1.45063 1.85954
0.85 0 0 0 0 0 0.406841 1.51846 1.84721
0.855 0 0 0 0 0 0.555362 1.59827 1.84158
0.86 0 0 0 0 0 0.720141 1.68392 1.84112
0.865 0 0 0 0 0 0.945751 1.76893 1.84383
0.87 0 0 0 0 0 1.21761 1.8469 1.84752
0.875 0 0 0 0 0 1.51567 1.91197 1.85002
0.88 0 0 0 0 0 1.81607 1.95926 1.84944
0.885 0 0 0 0 0 2.0932 1.98521 1.84438
0.89 0 0 0 0 0 2.32225 1.98788 1.83402
0.895 0 0 0 0 0 2.48167 1.96716 1.81821
0.9 0 0 0 0 0 2.55546 1.9248 1.7974
0.905 0 0 0 0 0 2.53493 1.86433 1.77264
0.91 0 0 0 0 0 2.41975 1.79076 1.74537
0.915 0 0 0 0 0 2.2181 1.7102 1.71734
0.92 0 0 0 0 0 1.94599 1.6293 1.69042
0.925 0 0 0 0 0 1.6262 1.55462 1.66638
0.93 0 0 0 0 0 1.28978 1.49199 1.64678
0.935 0 0 0 0 0 0.968497 1.44598 1.63281
0.94 0 0 0 0 0 0.696028 1.41942 1.62514
0.945 0 0 0 0 0 0.500277 1.41322 1.62386
0.95 0 0 0 0 0 0.401047 1.42632 1.62848
0.955 0 0 0 0 0 0.407928 1.45591 1.63796
0.96 0 0 0 0 0 0.519309 1.49776 1.6508
0.965 0 0 0 0 0 0.715597 1.54675 1.66528
0.97 0 0 0 0 0 0.97559 1.5973 1.67963
0.975 0 0 0 0 0 1.27245 1.64392 1.69233
0.98 0 0 0 0 0 1.57638 1.68158 1.70227
0.985 0 0 0 0 0 1.85774 1.7061 1.70901
0.99 0 0 0 0 0 2.09003 1.71431 1.71282
0.995 0 0 0 0 0 2.25226 1.70433 1.71469
1 0 0 0 0 0 2.33071 1.6757 1.71622
1.005 0 0 0 0 0 2.31972 1.6295 1.71943
1.01 0 0 0 0 0 2.22182 1.56845 1.72644
1.015 0 0 0 0 0 2.04707 1.49684 1.73922
1.02 0 0 0 0 0 1.81198 1.42045 1.75927
1.025 0 0 0 0 0 1.53796 1.34612 1.78737
1.03 0 0 0 0 0 1.24938 1.28123 1.82342
1.035 0 0 0 0 0 0.971697 1.23296 1.86637
1.04 0 0 0 0 0 0.7294 1.20739 1.9142
1.045 0 0 0 0 0 0.544187 1.20869 1.96406
1.05 0 0 0 0 0 0.433073 1.23843 2.01241
1.055 0 0 0 0 0 0.403008 1.29521 2.0553
1.06 0 0 0 0 0 0.458427 1.37461 2.08869
1.065 0 0 0 0 0 0.596391 1.4697 2.10872
1.07 0 0 0 0 0 0.806142 1.57175 2.11213
1.075 0 0 0 0 0 1.06998 1.67137 2.09654
1.08 0 0 0 0 0 1.36482 1.75955 2.06081
1.085 0 0 0 0 0 1.66442 1.82875 2.00517
1.09 0 0 0 0 0 1.94204 1.8736 1.93143
1.095 0 0 0 0 0 2.17324 1.89135 1.84284
1.1 0 0 0 0 0 2.33864 1.88182 1.74401
1.105 0 0 0 0 0 2.42604 1.84714 1.64051
1.11 0 0 0 0 0 2.43178 1.79117 1.53846
1.115 0 0 0 0 0 2.36094 1.71896 1.44402
1.12 0 0 0 0 0 2.22636 1.63615 1.36288
1.125 0 0 0 0 0 2.04659 1.54854 1.29976
1.13 0 0 0 0 0 1.84061 1.46181 1.25809
1.135 0 0 0 0 0 1.62786 1.38128 1.23977
1.14 0 0 0 0 0 1.42623 1.31179 1.24509
1.145 0 0 0 0 0 1.24938 1.25754 1.27285
1.15 0 0 0 0 0 1.10434 1.22181 1.32047
1.155 0 0 0 0 0 0.991615 1.20669 1.38433
1.16 0 0 0 0 0 0.906625 1.21279 1.45999
1.165 0 0 0 0 0 0.842109 1.23904 1.54251
1.17 0 0 0 0 0 0.790895 1.28263 1.62669
1.175 0 0 0 0 0 0.748405 1.3392 1.7073
1.18 0 0 0 0 0 0.714273 1.40324 1.77931
1.185 0 0 0 0 0 0.692698 1.46877 1.83806
1.19 0 0 0 0 0 0.691423 1.52991 1.87947
1.195 0 0 0 0 0 0.719585 1.58162 1.9003
1.2 0 0 0 0 0 0.784936 1.62013 1.89833
1.205 0 0 0 0 0 0.891103 1.6432 1.8726
1.21 0 0 0 0 0 1.03558 1.65012 1.82353
1.215 0 0 0 0 0 1.20895 1.64149 1.75308
1.22 0 0 0 0 0 1.39562 1.61896 1.66474
1.225 0 0 0 0 0 1.57592 1.58482 1.56338
1.23 0 0 0 0 0 1.72926 1.54186 1.45509
1.235 0 0 0 0 0 1.8375 1.49311 1.34678
1.24 0 0 0 0 0 1.88809 1.44186 1.24584
1.245 0 0 0 0 0 1.87609 1.39156 1.15956
1.25 0 0 0 0 0 1.80493 1.34572 1.09471
1.255 0 0 0 0 0 1.6855 1.30771 1.05694
1.26 0 0 0 0 0 1.53407 1.28037 1.05035
1.265 0 0 0 0 0 1.36936 1.26559 1.07708
1.27 0 0 0 0 0 1.2094 1.26396 1.13701
1.275 0 0 0 0 0 1.06889 1.27453 1.22761
1.28 0 0 0 0 0 0.957445 1.29487 1.344
1.285 0 0 0 0 0 0.879112 1.32149 1.47912
1.29 0 0 0 0 0 0.832941 1.35046 1.62417
1.295 0 0 0 0 0 0.814501 1.37828 1.76919
1.3 0 0 0 0 0 0.817799 1.40258 1.90381
1.305 0 0 0 0 0 0.837124 1.42268 2.01807
1.31 0 0 0 0 0 0.868409 1.43964 2.10327
1.315 0 0 0 0 0 0.909824 1.45599 2.15272
1.32 0 0 0 0 0 0.961574 1.47489 2.16242
1.325 0 0 0 0 0 1.02505 1.49922 2.13141
1.33 0 0 0 0 0 1.10161 1.53066 2.06196
1.335 0 0 0 0 0 1.19145 1.569 1.95937
1.34 0 0 0 0 0 1.29268 1.61197 1.83157
1.345 0 0 0 0 0 1.40109 1.65558 1.68842
1.35 0 0 0 0 0 1.5104 1.69482 1.5408
1.355 0 0 0 0 0 1.61305 1.72469 1.3997
1.36 0 0 0 0 0 1.70123 1.7411 1.27522
1.365 0 0 0 0 0 1.76789 1.74159 1.17567
1.37 0 0 0 0 0 1.8075 1.7255 1.10689
1.375 0 0 0 0 0 1.81641 1.69382 1.07183
1.38 0 0 0 0 0 1.79284 1.64858 1.07036
1.385 0 0 0 0 0 1.73656 1.59219 1.09943
1.39 0 0 0 0 0 1.64844 1.52688 1.15352
1.395 0 0 0 0 0 1.53027 1.45451 1.2253
1.4 0 0 0 0 0 1.38482 1.37669 1.30646
1.405 0 0 0 0 0 1.21629 1.29537 1.38863
1.41 0 0 0 0 0 1.03115 1.21345 1.46422
1.415 0 0 0 0 0 0.838931 1.13526 1.52713
1.42 0 0 0 0 0 0.652726 1.06669 1.57332
1.425 0 0 0 0 0 0.489108 1.01462 1.60105
1.43 0 0 0 0 0 0.367046 0.985915 1.61086
1.435 0 0 0 0 0 0.305823 0.985952 1.60533
1.44 0 0 0 0 0 0.322082 1.0172 1.58854
1.445 0 0 0 0 0 0.426407 1.07814 1.5655
1.45 0 0 0 0 0 0.620059 1.16294 1.54138
1.455 0 0 0 0 0 0.89261 1.26203 1.5209
1.46 0 0 0 0 0 1.22114 1.36356 1.5077
1.465 0 0 0 0 0 1.57149 1.45541 1.50394
1.47 0 0 0 0 0 1.90171 1.52741 1.5101
1.475 0 0 0 0 0 2.16737 1.57316 1.52494
1.48 0 0 0 0 0 2.32817 1.59103 1.54576
1.485 0 0 0 0 0 2.35455 1.5842 1.56874
1.49 0 0 0 0 0 2.23345 1.55957 1.58944
1.495 0 0 0 0 0 1.97174 1.52594 1.60338
1.5 0 0 0 0 0 1.59675 1.49193 1.60653
1.505 0 0 0 0 0 1.15351 1.46403 1.59587
1.51 0 0 0 0 0 0.698793 1.44541 1.5697
1.515 0 0 0 0 0 0.293119 1.43557 1.52785
1.52 0 0 0 0 0 -0.00831328 1.43103 1.47176
1.525 0 0 0 0 0 -0.164026 1.42671 1.40437
1.53 0 0 0 0 0 -0.152649 1.41757 1.32986
1.535 0 0 0 0 0 0.0238308 1.40011 1.25334
1.54 0 0 0 0 0 0.340496 1.3733 1.18043
1.545 0 0 0 0 0 0.753483 1.33874 1.11683
1.55 0 0 0 0 0 1.20678 1.30001 1.06792
1.555 0 0 0 0 0 1.64063 1.26156 1.03831
1.56 0 0 0 0 0 2.00004 1.22746 1.03148
1.565 0 0 0 0 0 2.24218 1.20033 1.04946
1.57 0 0 0 0 0 2.34141 1.18098 1.0926
1.575 0 0 0 0 0 2.29159 1.16855 1.1594
1.58 0 0 0 0 0 2.10544 1.16138 1.24651
1.585 0 0 0 0 0 1.81159 1.15802 1.34885
1.59 0 0 0 0 0 1.44993 1.1582 1.45994
1.595 0 0 0 0 0 1.06628 1.16334 1.57239
1.6 0 0 0 0 0 0.707014 1.17632 1.67852
1.605 0 0 0 0 0 0.414331 1.20068 1.77109
1.61 0 0 0 0 0 0.222384 1.23925 1.84395
1.615 0 0 0 0 0 0.154403 1.29278 1.89271
1.62 0 0 0 0 0 0.220726 1.35893 1.91501
1.625 0 0 0 0 0 0.417693 1.43192 1.9107
1.63 0 0 0 0 0 0.72746 1.50316 1.88162
1.635 0 0 0 0 0 1.11889 1.56265 1.83112
1.64 0 0 0 0 0 1.54975 1.60098 1.76349
1.645 0 0 0 0 0 1.97038 1.61138 1.68326
1.65 0 0 0 0 0 2.32886 1.59135 1.59465
1.655 0 0 0 0 0 2.57722 1.54345 1.50118
1.66 0 0 0 0 0.309444 2.67815 1.47504 1.40563
1.665 0 0 0 0 0.798153 2.61098 1.39692 1.31013
1.67 0 0 0 0 1.19516 2.37603 1.32133 1.21654
1.675 0 0 0 0 1.53075 1.99611 1.25952 1.12689
1.68 0 0 0 0 1.78719 1.51459 1.21964 1.04373
1.685 0 0 0 0 1.95185 0.990057 1.20532 0.970281
1.69 0 0 0 0 2.01769 0.488106 1.21517 0.910363
1.695 0 0 0 0 1.98351 0.0715969 1.24336 0.868022
1.7 0 0 0 0 1.85422 -0.208968 1.28101 0.846963
1.705 0 0 0 0 1.6407 -0.323177 1.3181 0.849901
1.71 0 0 0 0 1.35942 -0.265087 1.34542 0.877984
1.715 0 0 0 0 1.03153 -0.0534123 1.3562 0.930414
1.72 0 0 0 0 0.681439 0.27251 1.34705 1.00436
1.725 0 0 0 0 0.652967 0.660147 1.31823 1.0952
1.73 0 0 0 0 0.524394 1.0531 1.27314 1.19698
1.735 0 0 0 0 0.700594 1.40053 1.21745 1.30308
1.74 0 0 0 0 0.837639 1.66477 1.15794 1.40687
1.745 0 0 0 0 0.975964 1.826 1.10143 1.50227
1.75 0 0 0 0 1.10396 1.88301 1.05397 1.58414
1.755 0 0 0 0 1.21086 1.85058 1.02029 1.64847
1.76 0 0 0 0 1.28716 1.75405 1.00365 1.69239
1.765 0 0 0 0 1.32516 1.62277 1.00586 1.7141
1.77 0 0 0 0 1.3197 1.48376 1.02733 1.71282
1.775 0 0 0 0 1.28705 1.35701 1.06721 1.68882
1.78 0 0 0 0 1.24229 1.2532 1.12344 1.64351
1.785 0 0 0 0 1.1986 1.17403 1.19282 1.57963
1.79 0 0 0 0 1.16493 1.11459 1.27105 1.50135
1.795 0 0 0 0 1.14538 1.06697 1.353 1.41428
1.8 0 0 0 0 1.13938 1.02398 1.43305 1.32523
1.805 0 0 0 0 1.14283 0.981814 1.50568 1.24172
1.81 0 0 0 0 1.14959 0.941323 1.56609 1.17118
1.815 0 0 0 0 1.15328 0.907431 1.61072 1.12011
1.82 0 0 0 0 1.1489 0.887276 1.63772 1.0931
1.825 0 0 0 0 1.13392 0.887637 1.64701 1.09217
1.83 0 0 0 0 1.10879 0.912516 1.64003 1.11641
1.835 0 0 0 0 1.0768 0.961571 1.61922 1.16198
1.84 0 0 0 0 1.04332 1.02983 1.58736 1.22267
1.845 0 0 0 0 1.01464 1.10869 1.54683 1.29068
1.85 0 0 0 0 0.996816 1.18786 1.49916 1.35768
1.855 0 0 0 0 0.994699 1.25769 1.44484 1.41587
1.86 0 0 0 0 1.01129 1.31105 1.38357 1.45884
1.865 0 0 0 0 1.04736 1.34448 1.31479 1.48218
1.87 0 0 0 0 1.10633 1.35816 1.2384 1.4837
1.875 0 0 0 0 1.19319 1.35489 1.15546 1.46342
1.88 0 0 0 0 1.30746 1.33848 1.06872 1.42323
1.885 0 0 0 0 1.44235 1.3121 0.982732 1.36654
1.89 0 0 0 0 1.58976 1.27722 0.903512 1.29783
1.895 0 0 0 0 1.73997 1.23344 0.83782 1.22233
1.9 0 0 0 0 1.88155 1.17933 0.792157 1.14572
1.905 0 0 0 0 2.0027 1.11415 0.771682 1.07392
1.91 0 0 0 0 2.09288 1.03956 0.779278 1.01283
1.915 0 0 0 0 2.14427 0.961089 0.814948 0.968012
1.92 0 0 0 0 2.15293 0.888482 0.875652 0.944238
1.925 0 0 0 0 2.11943 0.834661 0.955629 0.944997
1.93 0 0 0 0 2.04869 0.81341 1.04712 0.971985
1.935 0 0 0 0 1.94922 0.836154 1.14138 1.0247
1.94 0 0 0 0 1.83158 0.908599 1.2298 1.10027
1.945 0 0 0 0 1.70681 1.02813 1.30499 1.19356
1.95 0 0 0 0 1.58474 1.18276 1.36159 1.29767
1.955 0 0 0 0 1.47254 1.35206 1.39695 1.4046
1.96 0 0 0 0 1.3699 1.51016 1.41125 1.50623
1.965 0 0 0 0 1.27126 1.63035 1.40751 1.59516
1.97 0 0 0 0 1.1738 1.69029 1.39107 1.66552
1.975 0 0 0 0 1.07691 1.67678 1.36892 1.71346
1.98 0 0 0 0 0.980631 1.58899 1.34877 1.73729
1.985 0 0 0 0 0.88682 1.43932 1.33797 1.73734
1.99 0 0 0 0 0.799836 1.25153 1.34238 1.71556
1.995 0 0 0 0 0.726595 1.05654 1.36533 1.675
2 0 0 0 0 0.675775 0.886521 1.40682 1.61929
2.005 0 0 0 0 0.656295 0.768696 1.46309 1.55223
2.01 0 0 0 0 0.67536 0.72001 1.52674 1.47753
2.015 0 0 0 0 0.736496 0.743858 1.58738 1.39869
2.02 0 0 0 0 0.838008 0.829571 1.633 1.31896
2.025 0 0 0 0 0.972267 0.954769 1.65172 1.24132
2.03 0 0 0 0 1.12606 1.09006 1.63376 1.16845
2.035 0 0 0 0 1.282 1.20507 1.57339 1.10261
2.04 0 0 0 0 1.42088 1.27455 1.47039 1.04547
2.045 0 0 0 0 1.52445 1.28329 1.33074 0.997971
2.05 0 0 0 0 1.57825 1.22881 1.1664 0.960282
2.055 0 0 0 0 1.57398 1.12151 0.993969 0.931886
2.06 0 0 0 0 1.50986 0.98222 0.832576 0.911848
2.065 0 0 0 0 1.39318 0.837915 0.701118 0.899217
2.07 0 0 0 0 1.23792 0.716512 0.615435 0.893464
2.075 0 0 0 0 1.06388 0.641853 0.585843 0.894851
2.08 0 0 0 0 0.893071 0.629836 0.61549 0.904586
2.085 0 0 0 0 0.746828 0.686295 0.699821 0.924708
2.09 0 0 0 0 0.643063 0.80679 0.82726 0.957656
2.095 0 0 0 0 0.594198 0.978056 0.98098 1.00562
2.1 0 0 0 0 0.605907 1.18057 1.14144 1.06978
2.105 0 0 0 0 0.676849 1.39154 1.28924 1.14964
2.11 0 0 0 0 0.799308 1.58772 1.4078 1.24257
2.115 0 0 0 0 0.960583 1.74769 1.48544 1.34382
2.12 0 0 0 0 1.14483 1.85345 1.51657 1.44681
2.125 0 0 0 0 1.33501 1.8915 1.50183 1.5439
2.13 0 0 0 0 1.51475 1.85362 1.44743 1.62733
2.135 0 0 0 0 1.66966 1.73762 1.36369 1.69021
2.14 0 0 0 0 1.78829 1.54823 1.2633 1.7273
2.145 0 0 0 0 1.86251 1.29779 1.15952 1.73558
2.15 0 0 0 0 1.88746 1.00667 1.06474 1.71436
2.155 0 0 0 0 1.86136 0.70264 0.989269 1.66507
2.16 0 0 0 0 1.78521 0.419137 0.940799 1.59082
2.165 0 0 0 0 1.66263 0.191911 0.92409 1.49583
2.17 0 0 0 0 1.49983 0.0544716 0.941007 1.38499
2.175 0 0 0 0 1.30567 0.0327898 0.990657 1.26351
2.18 0 0 0 0 1.0916 0.140198 1.06957 1.13685
2.185 0 0 0 0 0.871425 0.373557 1.17185 1.01076
2.19 0 0 0 0 0.660584 0.711658 1.28946 0.891459
2.195 0 0 0 0 0.474975 1.11652 1.4125 0.785677
2.2 0 0 0 0 0.329368 1.53766 1.52985 0.700492
2.205 0 0 0 0 0.235581 1.91897 1.62998 0.642925
2.21 0 0 0 0 0.200769 2.20691 1.70204 0.619234
2.215 0 0 0 0 0.226198 2.35895 1.73708 0.634055
2.22 0 0 0 0 0.306834 2.35044 1.72923 0.689516
2.225 0 0 0 0 0.431934 2.17886 1.67662 0.784535
2.23 0 0 0 0 0.58661 1.86454 1.58184 0.914459
2.235 0 0 0 0 0.754123 1.44777 1.45182 1.07117
2.24 0 0 0 0 0.918456 0.982764 1.29719 1.24367
2.245 0 0 0 0 1.06664 0.529651 1.13109 1.41908
2.25 0 0 0 0 1.19034 0.145834 0.967645 1.58389
2.255 0 0 0 0 1.28636 -0.12183 0.820486 1.72531
2.26 0 0 0 0 1.35603 -0.242813 0.70135 1.83249
2.265 0 0 0 0 1.40357 -0.205942 0.619082 1.89742
2.27 0 0 0 0 1.4341 -0.0194693 0.579081 1.91551
2.275 0 0 0 0 1.4516 0.291478 0.58318 1.88575
2.28 0 0 0 0 1.45761 0.689323 0.629863 1.81055
2.285 0 0 0 0 1.45093 1.12942 0.714687 1.6953
2.29 0 0 0 0 1.42838 1.5655 0.830745 1.54781
2.295 0 0 0 0 1.38646 1.95438 0.969107 1.37771
2.3 0 0 0 0 1.32337 2.25963 1.1192 1.19583
2.305 0 0 0 0 1.24078 2.45402 1.2692 1.01363
2.31 0 0 0 0 1.14469 2.52078 1.40655 0.842612
2.315 0 0 0 0 1.04503 2.45418 1.51865 0.69373
2.32 0 0 0 0 0.954011 2.25937 1.59398 0.576771
2.325 0 0 0 0 0.883481 1.95194 1.6233 0.49968
2.33 0 0 0 0 0.841928 1.55697 1.60115 0.467914
2.335 0 0 0 0 0.831996 1.10771 1.52709 0.483882
2.34 0 0 0 0 0.84918 0.643407 1.40661 0.54657
2.345 0 0 0 0 0.882221 0.206544 1.25131 0.651446
2.35 0 0 0 0 0.915255 -0.160844 1.07816 0.790696
2.355 0 0 0 0 0.931356 -0.421312 0.907867 0.953825
2.36 0 0 0 0 0.916695 -0.546278 0.762345 1.12856
2.365 0 0 0 0 0.864359 -0.5198 0.661797 1.30196
2.37 0 0 0 0 0.776851 -0.341213 0.621694 1.46161
2.375 0 0 0 0 0.666608 -0.0260888 0.650257 1.59674
2.38 0 0 0 0 0.554261 0.39483 0.746878 1.69907
2.385 0 0 0 0 0.464917 0.878727 0.901804 1.76341
2.39 0 0 0 0 0.423201 1.37551 1.09721 1.78782
2.395 0 0 0 0 0.448105 1.83369 1.30954 1.77342
2.4 0 0 0 0 0.548757 2.20648 1.51275 1.72396
2.405 0 0 0 0 0.722033 2.45722 1.68197 1.64511
2.41 0 0 0 0 0.952542 2.56342 1.79697 1.54381
2.415 0 0 0 0 1.21497 2.51876 1.84489 1.42758
2.42 0 0 0 0 1.47829 2.33303 1.82185 1.304
2.425 0 0 0 0 1.71091 2.03005 1.73309 1.18036
2.43 0 0 0 0 1.88576 1.64405 1.59186 1.06346
2.435 0 0 0 0 1.98422 1.21531 1.41709 0.95948
2.44 0 0 0 0 1.99831 0.785596 1.23042 0.873965
2.445 0 0 0 0 1.9308 0.394102 1.05299 0.811673
2.45 0 0 0 0 1.79348 0.0742965 0.90252 0.776402
2.455 0 0 0 0 1.60419 -0.148163 0.79121 0.770693
2.46 0 0 0 0 1.38327 -0.25653 0.724561 0.79547
2.465 0 0 0 0 1.15051 -0.243308 0.701385 0.84968
2.47 0 0 0 0 0.922887 -0.110122 0.714819 0.930027
2.475 0 0 0 0 0.713593 0.13264 0.754127 1.0309
2.48 0 0 0 0 0.532218 0.466316 0.806934 1.14452
2.485 0 0 0 0 0.385683 0.864654 0.861492 1.26148
2.49 0 0 0 0 0.279402 1.29488 0.908624 1.37142
2.495 0 0 0 0 0.218119 1.71944 0.943035 1.46398
2.5 0 0 0 0 0.206034 2.09855 0.963847 1.52987
2.505 0 0 0 0 0.246112 2.39365 0.97431 1.56182
2.51 0 0 0 0 0.338761 2.57153 0.980798 1.5554
2.515 0 0 0 0 0.480319 2.60857 0.991294 1.50955
2.52 0 0 0 0 0.661903 2.4946 1.01365 1.42676
2.525 0 0 0 0 0.869121 2.23548 1.05389 1.31294
2.53 0 0 0 0 1.08297 1.85383 1.11491 1.17685
2.535 0 0 0 0 1.2819 1.38746 1.19559 1.02938
2.54 0 0 0 0 1.44482 0.885543 1.29075 0.882603
2.545 0 0 0 0 1.55435 0.40281 1.3916 0.748718
2.55 0 0 0 0 1.59974 -0.0073605 1.48689 0.639038
2.555 0 0 0 0 1.57875 -0.299975 1.56441 0.563026
2.56 0 0 0 0 1.49812 -0.444451 1.61267 0.527485
2.565 0 0 0 0 1.37226 -0.428654 1.6226 0.535947
2.57 0 0 0 0 1.22078 -0.26029 1.58886 0.58831
2.575 0 0 0 0 1.06496 0.0345692 1.51079 0.680774
2.58 0 0 0 0 0.924243 0.415551 1.39265 0.806111
2.585 0 0 0 0 0.813201 0.833952 1.24337 0.954265
2.59 0 0 0 0 0.73979 1.2396 1.07565 1.11327
2.595 0 0 0 0 0.705019 1.58755 0.904602 1.27041
2.6 0 0 0 0 0.704071 1.84353 0.746078 1.4135
2.605 0 0 0 0 0.728473 1.98755 0.614951 1.5321
2.61 0 0 0 0 0.76871 2.01512 0.523467 1.61862
2.615 0 0 0 0 0.816616 1.93626 0.479937 1.66897
2.62 0 0 0 0 0.86696 1.77263 0.487895 1.6828
2.625 0 0 0 0 0.917901 1.55342 0.545846 1.66322
2.63 0 0 0 0.646724 0.970287 1.31077 0.647616 1.61614
2.635 0 0 0 1.11831 1.0261 1.07543 0.783263 1.54916
2.64 0 0 0 1.53634 1.08654 0.873148 0.940408 1.47048
2.645 0 0 0 1.86827 1.15044 0.722326 1.1058 1.38776
2.65 0 0 0 2.08847 1.21338 0.63283 1.26686 1.30731
2.655 0 0 0 2.1808 1.26796 0.606044 1.41302 1.23363
2.66 0 0 0 2.14022 1.30517 0.635865 1.53658 1.16934
2.665 0 0 0 1.97331 1.31647 0.71035 1.63301 1.11547
2.67 0 0 0 1.69767 1.29615 0.81372 1.70072 1.07199
2.675 0 0 0 1.34021 1.24324 0.928475 1.74026 1.03832
2.68 0 0 0 0.934494 1.16247 1.03741 1.75332 1.01386
2.685 0 0 0 0.517539 1.0639 1.12544 1.74159 0.998206
2.69 0 0 0 0.126178 0.961219 1.18106 1.70596 0.991174
2.695 0 0 0 -0.206478 0.869084 1.19756 1.64607 0.992613
2.7 0 0 0 -0.454202 0.800088 1.17364 1.56058 1.0021
2.705 0 0 0 0.0708404 0.762056 1.11369 1.44791 1.01866
2.71 0 0 0 0.462367 0.756378 1.02731 1.30751 1.04062
2.715 0 0 0 0.889946 0.777815 0.928302 1.14126 1.06561
2.72 0 0 0 1.30905 0.815861 0.833028 0.954691 1.09085
2.725 0 0 0 1.6761 0.857388 0.758272 0.757648 1.11347
2.73 0 0 0 1.96676 0.88996 0.718817 0.564214 1.13087
2.735 0 0 0 2.16291 0.905008 0.725086 0.391645 1.14107
2.74 0 0 0 2.25623 0.900087 0.781185 0.258441 1.14279
2.745 0 0 0 2.24848 0.879633 0.883729 0.18179 1.13538
2.75 0 0 0 2.15082 0.853963 1.02175 0.174764 1.11868
2.755 0 0 0 1.98208 0.836723 1.17781 0.243778 1.09274
2.76 0 0 0 1.7664 0.841343 1.33024 0.386786 1.05767
2.765 0 0 0 1.53026 0.87733 1.45632 0.592615 1.01372
2.77 0 0 0 1.29935 0.947309 1.53576 0.841652 0.961495
2.775 0 0 0 1.09567 1.04554 1.55413 1.10787 0.902413
2.78 0 0 0 0.935147 1.15839 1.50539 1.36197 0.839214
2.785 0 0 0 0.826065 1.26661 1.3932 1.57519 0.776336
2.79 0 0 0 0.768547 1.34918 1.23071 1.7232 0.720001
2.795 0 0 0 0.75999 1.38769 1.03863 1.78949 0.677873
2.8 0 0 0 0.789898 1.37041 0.842117 1.7678 0.658236
2.805 0 0 0 0.847028 1.29513 0.666879 1.663 0.6688
2.81 0 0 0 0.917619 1.17007 0.535157 1.49054 0.715309
2.815 0 0 0 0.988247 1.01267 0.462406 1.27431 0.800228
2.82 0 0 0 1.0478 0.846449 0.455193 1.04342 0.921809
2.825 0 0 0 1.08897 0.696678 0.510684 0.828215 1.07375
2.83 0 0 0 1.10908 0.585646 0.617749 0.656258 1.24556
2.835 0 0 0 1.11006 0.528616 0.759401 0.548775 1.42367
2.84 0 0 0 1.09717 0.531238 0.916035 0.518083 1.59302
2.845 0 0 0 1.0786 0.588892 1.06878 0.566329 1.73889
2.85 0 0 0 1.06552 0.688044 1.20232 0.685666 1.8487
2.855 0 0 0 1.06821 0.809203 1.30669 0.859764 1.91336
2.86 0 0 0 1.09394 0.930799 1.3778 1.06636 1.92811
2.865 0 0 0 1.14427 1.03313 1.41667 1.28045 1.89262
2.87 0 0 0 1.21663 1.10157 1.42784 1.47757 1.81056
2.875 0 0 0 1.30202 1.12848 1.41733 1.63679 1.6887
2.88 0 0 0 1.38735 1.1136 1.39072 1.74297 1.53584
2.885 0 0 0 1.45562 1.06298 1.35184 1.78798 1.36183
2.89 0 0 0 1.49127 0.987052 1.30228 1.77103 1.1768
2.895 0 0 0 1.48221 0.898245 1.24186 1.69787 0.990619
2.9 0 0 0 1.42239 0.808842 1.16968 1.57943 0.812736
2.905 0 0 0 1.3134 0.729502 1.08553 1.42989 0.652052
2.91 0 0 0 1.1647 0.66859 0.991107 1.26472 0.516846
2.915 0 0 0 0.992361 0.63224 0.890764 1.09885 0.414549
2.92 0 0 0 0.816584 0.624818 0.791475 0.945226 0.351312
2.925 0 0 0 0.658405 0.649377 0.702046 0.813858 0.331411
2.93 0 0 0 0.536281 0.707748 0.631747 0.711387 0.356578
2.935 0 0 0 0.4632 0.800081 0.588691 0.641076 0.42545
2.94 0 0 0 0.445018 0.923901 0.578343 0.60316 0.533301
2.945 0 0 0 0.480091 1.07299 0.602528 0.595404 0.672189
2.95 0 0 0 0.560219 1.23656 0.659117 0.613759 0.83157
2.955 0 0 0 0.672716 1.39921 0.742472 0.653037 0.99932
2.96 0 0 0 0.802968 1.54199 0.844471 0.70753 1.16301
2.965 0 0 0 0.936931 1.64461 0.955867 0.771552 1.31122
2.97 0 0 0 1.06307 1.68866 1.06765 0.839871 1.43467
2.975 0 0 0 1.17342 1.66109 1.17208 0.908026 1.527
2.98 0 0 0 1.26375 1.55729 1.26327 0.972514 1.58506
2.985 0 0 0 1.32514 1.38302 1.33721 1.03082 1.60877
2.99 0 0 0 1.3564 1.15461 1.39129 1.08134 1.60056
2.995 0 0 0 1.35987 0.897035 1.42378 1.12316 1.56466
3 0 0 0 1.33936 0.640384 1.43319 1.15577 1.50629
3.005 0 0 0 1.29916 0.415022 1.418 1.17885 1.43099
3.01 0 0 0 1.24396 0.24659 1.37687 1.1921 1.34419
3.015 0 0 0 1.17893 0.151776 1.30917 1.19521 1.25095
3.02 0 0 0 1.10986 0.135754 1.21587 1.18811 1.15588
3.025 0 0 0 1.0431 0.191852 1.10043 1.17127 1.06321
3.03 0 0 0 0.985094 0.303504 0.969445 1.14611 0.976782
3.035 0 0 0 0.941646 0.448053 0.832718 1.11536 0.899964
3.04 0 0 0 0.916999 0.601579 0.702675 1.08316 0.835514
3.045 0 0 0 0.912993 0.743676 0.593054 1.05477 0.78533
3.05 0 0 0 0.928568 0.861158 0.517057 1.03596 0.750233
3.055 0 0 0 0.959792 0.949915 0.485264 1.03193 0.729865
3.06 0 0 0 1.00047 1.01457 0.503687 1.04612 0.722776
3.065 0 0 0 1.04323 1.06609 0.572368 1.07903 0.726737
3.07 0 0 0 1.08081 1.11802 0.684827 1.12738 0.739248
3.075 0 0 0 1.10729 1.18218 0.82854 1.18395 0.758147
3.08 0 0 0 1.119 1.26488 0.986404 1.23819 0.782173
3.085 0 0 0 1.11479 1.36464 1.13899 1.27765 0.811352
3.09 0 0 0 1.0959 1.47164 1.26721 1.29008 0.847055
3.095 0 0 0 1.06533 1.56939 1.35497 1.26589 0.891689
3.1 0 0 0 1.02632 1.63783 1.39134 1.20043 0.948037
3.105 0 0 0 0.980611 1.65749 1.37194 1.09566 1.01835
3.11 0 0 0 0.929227 1.61358 1.29928 0.960814 1.10336
3.115 0 0 0 0.875392 1.49926 1.18213 0.811713 1.20148
3.12 0 0 0 0.822765 1.3174 1.03411 0.668856 1.30829
3.125 0 0 0 0.775635 1.08058 0.871659 0.55441 1.41658
3.13 0 0 0 0.738879 0.809403 0.71201 0.488648 1.51689
3.135 0 0 0 0.717526 0.529561 0.571264 0.486426 1.59864
3.14 0 0 0 0.715922 0.26827 0.462991 0.554355 1.65151
3.145 0 0 0 0.736626 0.0507944 0.397372 0.689207 1.66705
3.15 0 0 0 0.779331 -0.102377 0.380888 0.87789 1.64013
3.155 0 0 0 0.840162 -0.177357 0.416382 1.09905 1.56997
3.16 0 0 0 0.911652 -0.167586 0.503296 1.32603 1.46063
3.165 0 0 0 0.983567 -0.073622 0.637882 1.53077 1.32081
3.17 0 0 0 1.04452 0.097688 0.813287 1.68789 1.16296
3.175 0 0 0 1.08408 0.334302 1.01951 1.77828 1.00186
3.18 0 0 0 1.09494 0.620049 1.24335 1.79178 0.852827
3.185 0 0 0 1.07462 0.935525 1.46863 1.72828 0.729901
3.19 0 0 0 1.02627 1.25885 1.67678 1.59732 0.644157
3.195 0 0 0 0.95827 1.56648 1.84806 1.41633 0.602458
3.2 0 0 0 0.882759 1.83419 1.96344 1.20773 0.60676
3.205 0 0 0 0.813308 2.03863 2.00689 0.995652 0.654042
3.21 0 0 0 0.762257 2.15924 1.96783 0.802638 0.73682
3.215 0 0 0 0.73834 2.18057 1.84336 0.646945 0.844146
3.22 0 0 0 0.745145 2.09469 1.63965 0.540735 0.962925
3.225 0 0 0 0.780729 1.90308 1.37227 0.489317 1.07938
3.23 0 0 0 0.838448 1.61773 1.06512 0.491402 1.18047
3.235 0 0 0 0.908729 1.26094 0.748047 0.540167 1.25519
3.24 0 0 0 0.981346 0.863633 0.453411 0.624828 1.29557
3.245 0 0 0 1.04761 0.462381 0.212068 0.732427 1.29736
3.25 0 0 0 1.10196 0.0953096 0.0493851 0.849546 1.26034
3.255 0 0 0 1.14258 -0.202359 -0.0180761 0.963772 1.18832
3.26 0 0 0 1.17101 -0.402563 0.0153036 1.0648 1.08873
3.265 0 0 0 1.19081 -0.487728 0.143558 1.14519 0.971814
3.27 0 0 0 1.20589 -0.452662 0.350053 1.20072 0.84968
3.275 0 0 0 1.21871 -0.304738 0.609776 1.23047 0.734969
3.28 0 0 0 1.2291 -0.0624016 0.892594 1.23662 0.639514
3.285 0 0 0 1.23378 0.24769 1.16697 1.22397 0.573016
3.29 0 0 0 1.22692 0.594368 1.40359 1.19917 0.541944
3.295 0 0 0 1.20139 0.945853 1.57844 1.1697 0.548808
3.3 0 0 0 1.1505 1.27326 1.67507 1.14273 0.591961
3.305 0 0 0 1.06983 1.55323 1.68573 1.12387 0.665957
3.31 0 0 0 0.958687 1.76939 1.61164 1.1161 0.762445
3.315 0 0 0 0.820854 1.91271 1.46232 1.11902 0.871461
3.32 0 0 0 0.664593 1.98083 1.25427 1.12874 0.982901
3.325 0 0 0 0.501832 1.97675 1.00927 1.13837 1.08791
3.33 0 0 0 0.346781 1.90731 0.75229 1.13925 1.17996
3.335 0 0 0 0.21423 1.78177 0.509422 1.12265 1.2554
3.34 0 0 0 0.117819 1.61071 0.305633 1.08183 1.31343
3.345 0 0 0 0.0685328 1.40544 0.162632 1.0138 1.35554
3.35 0 0 0 0.0735802 1.17778 0.0968319 0.920649 1.38455
3.355 0 0 0 0.135706 0.940126 0.117581 0.809952 1.40351
3.36 0 0 0 0.252937 0.705497 0.22585 0.694124 1.4148
3.365 0 0 0 0.418696 0.487423 0.413582 0.588772 1.41945
3.37 0 0 0 0.622218 0.299486 0.663926 0.510275 1.41705
3.375 0 0 0 0.849226 0.154494 0.952472 0.473034 1.40611
3.38 0 0 0 1.08285 0.0633589 1.24952 0.486908 1.38475
3.385 0 0 0 1.3048 0.0338426 1.52324 0.555332 1.35159
3.39 0 0 0 1.49672 0.069405 1.74333 0.674493 1.30654
3.395 0 0 0 1.64178 0.168384 1.88488 0.833723 1.25128
3.4 0 0 0 1.72638 0.323695 1.93164 1.01703 1.18927
3.405 0 0 0 1.74163 0.523147 1.87839 1.20549 1.12534
3.41 0 0 0 1.68474 0.750393 1.73187 1.37995 1.06487
3.415 0 0 0 1.55979 0.98639 1.51006 1.52367 1.01277
3.42 0 0 0 1.37781 1.21121 1.23986 1.62436 0.972548
3.425 0 0 0 1.15614 1.40594 0.953498 1.67525 0.945573
3.43 0 0 0 0.91685 1.55451 0.684131 1.67532 0.930843
3.435 0 0 0 0.684601 1.64514 0.461415 1.62854 0.925171
3.44 0 0 0 0.483893 1.67131 0.307663 1.54254 0.923838
3.445 0 0 0 0.336235 1.63225 0.235232 1.42709 0.92156
3.45 0 0 0 0.257488 1.5328 0.245493 1.2926 0.913559
3.455 0 0 0 0.255783 1.38279 0.329495 1.14905 0.896562
3.46 0 0 0 0.330316 1.1961 0.470113 1.00538 0.869532
3.465 0 0 0 0.471217 0.989294 0.645227 0.869261 0.834014
3.47 0 0 0 0.660568 0.780274 0.831324 0.747247 0.794061
3.475 0 0 0 0.874472 0.58676 1.00688 0.644969 0.755724
3.48 0 0 0 1.08593 0.424882 1.15499 0.567241 0.726212
3.485 0 0 0 1.26819 0.307887 1.26486 0.517956 0.712816
3.49 0 0 0 1.39803 0.245058 1.33213 0.499756 0.72173
3.495 0 0 0 1.45872 0.240897 1.35806 0.513568 0.756933
3.5 0 0 0 1.44202 0.294671 1.34806 0.558162 0.819268
3.505 0 0 0 1.34912 0.400357 1.30987 0.629915 0.905853
3.51 0 0 0 1.19031 0.547074 1.25186 0.722902 1.00997
3.515 0 0 0 0.983525 0.719986 1.18178 0.82937 1.12148
3.52 0 0 0 0.751933 0.901681 1.10608 0.940554 1.22782
3.525 0 0 0 0.520973 1.07391 1.02977 1.04766 1.31551
3.53 0 0 0 0.315303 1.21953 0.956639 1.14286 1.37197
3.535 0 0 0 0.15607 1.32445 0.889666 1.22008 1.38754
3.54 0 0 0 0.0588242 1.37929 0.831264 1.27542 1.35721
3.545 0 0 0 0.0323062 1.38054 0.783352 1.30724 1.28193
3.55 0 0 0 0.078132 1.33101 0.74715 1.31584 1.16898
3.555 0 0 0 0.19127 1.23945 0.722858 1.30295 1.03155
3.56 0 0 0 0.361101 1.11935 0.70938 1.27115 0.887141
3.565 0 0 0 0.572816 0.987112 0.704304 1.22343 0.755239
3.57 0 0 0 0.808906 0.859741 0.704274 1.16299 0.654474
3.575 0 0 0 1.05061 0.752556 0.705753 1.09322 0.599711
3.58 0 0 0 1.27922 0.677132 0.706046 1.01791 0.59962
3.585 0 0 0 1.47728 0.639872 0.704329 0.941517 0.655134
3.59 0 0 0 1.62968 0.64141 0.702368 0.869262 0.759114
3.595 0 0 0 1.72472 0.676927 0.704658 0.806988 0.8973
3.6 0 0 0 1.75513 0.737282 0.717817 0.760682 1.05042
3.605 0 0 0 1.71889 0.810753 0.749268 0.735678 1.1971
3.61 0 0 0 1.61974 0.885057 0.805413 0.735685 1.31711
3.615 0 0 0 1.46719 0.949286 0.889702 0.761824 1.39436
3.62 0 0 0 1.27583 0.99544 1.00102 0.811937 1.41917
3.625 0 0 0 1.06391 1.01932 1.13282 0.880366 1.38956
3.63 0 0 0 0.851329 1.02068 1.27335 0.958341 1.31119
3.635 0 0 0 0.657197 1.00268 1.40691 1.035 1.1963
3.64 0 0 0 0.497387 0.970811 1.51609 1.09892 1.0616
3.645 0 0 0 0.382558 0.931584 1.58452 1.13991 0.92571
3.65 0 0 0 0.316981 0.891159 1.5997 1.15079 0.806514
3.655 0 0 0 0.29847 0.854311 1.55517 1.12879 0.718732
3.66 0 0 0 0.319433 0.823788 1.45188 1.07627 0.672183
3.665 0 0 0 0.368862 0.800195 1.2982 1.00071 0.670806
3.67 0 0 0 0.43485 0.782332 1.10878 0.913739 0.712545
3.675 0 0 0 0.507092 0.767876 0.902482 0.829488 0.790006
3.68 0 0 0 0.578834 0.754223 0.699653 0.762489 0.89173
3.685 0 0 0 0.647832 0.739302 0.519443 0.725409 1.00386
3.69 0 0 0 0.716127 0.722198 0.377501 0.727054 1.11199
3.695 0 0 0 0.78869 0.703482 0.284447 0.770936 1.20294
3.7 0 0 0 0.871278 0.685221 0.245269 0.854636 1.2663
3.705 0 0 0 0.968015 0.670666 0.259597 0.97005 1.29562
3.71 0 0 0 1.07929 0.663725 0.322644 1.10446 1.28903
3.715 0 0 0 1.20052 0.668295 0.426492 1.24225 1.24937
3.72 0 0 0 1.32203 0.68757 0.561407 1.36695 1.18366
3.725 0 0 0.752355 1.43024 0.723413 0.716917 1.46335 1.10214
3.73 0 0 1.30958 1.50985 0.775889 0.882517 1.51934 1.01679
3.735 0 0 1.78268 1.54658 0.842989 1.048 1.5273 0.939641
3.74 0 0 2.13342 1.52994 0.920607 1.20354 1.48483 0.881088
3.745 0 0 2.33553 1.45541 1.00279 1.33971 1.39487 0.848335
3.75 0 0 2.37663 1.3256 1.08223 1.44759 1.26525 0.844362
3.755 0 0 2.25873 1.1502 1.15103 1.51921 1.10774 0.86751
3.76 0 0 1.99713 0.944631 1.20162 1.54817 0.936802 0.911802
3.765 0 0 1.61841 0.727882 1.22776 1.53053 0.76816 0.967992
3.77 0 0 1.15746 0.519798 1.22554 1.46572 0.617331 1.02518
3.775 0 0 0.654221 0.338425 1.19409 1.35726 0.498211 1.07272
3.78 0 0 0.150296 0.197846 1.13606 1.21296 0.421795 1.10212
3.785 0 0 -0.314254 0.10684 1.05754 1.04472 0.395125 1.10854
3.79 0 0 -0.388055 0.0684964 0.967537 0.867539 0.420531 1.09162
3.795 0 0 -0.500296 0.0807094 0.876844 0.698068 0.495253 1.05547
3.8 0 0 -0.548382 0.137335 0.79665 0.552774 0.611521 1.00775
3.805 0 0 -0.535108 0.229688 0.736893 0.445988 0.757163 0.95808
3.81 0 0 -0.462759 0.348058 0.704726 0.388164 0.916723 0.916054
3.815 0 0 0.0300545 0.482971 0.703325 0.38457 1.07305 0.889192
3.82 0 0 0.519577 0.626032 0.731268 0.434645 1.20919 0.881367
3.825 0 0 1.02468 0.770323 0.782642 0.532068 1.3104 0.891969
3.83 0 0 1.50678 0.910396 0.847872 0.66555 1.36592 0.916031
3.835 0 0 1.93737 1.04201 0.915168 0.820189 1.37039 0.94531
3.84 0 0 2.28552 1.16174 0.972377 0.979205 1.32452 0.970124
3.845 0 0 2.52315 1.26661 1.00891 1.12581 1.23495 0.981558
3.85 0 0 2.62881 1.35382 1.01746 1.24496 1.11336 0.973588
3.855 0 0 2.59153 1.4206 0.995191 1.32488 0.974795 0.94463
3.86 0 0 2.41372 1.46418 0.944234 1.35809 0.835671 0.898184
3.865 0 0 2.11308 1.48193 0.871417 1.34196 0.711578 0.842381
3.87 0 0 1.72214 1.47149 0.787269 1.27883 0.615369 0.788494
3.875 0 0 1.28515 1.43105 0.704479 1.17556 0.555753 0.74871
3.88 0 0 0.852756 1.35968 0.636056 1.04285 0.536598 0.733594
3.885 0 0 0.475216 1.25775 0.593458 0.894119 0.556993 0.749796
3.89 0 0 0.195374 1.12743 0.584958 0.744301 0.611982 0.798467
3.895 0 0 0.0424715 0.97319 0.614455 0.608483 0.693779 0.874758
3.9 0 0 0.0280086 0.802165 0.68086 0.500526 0.793178 0.968499
3.905 0 0 0.144324 0.624379 0.778116 0.431755 0.90091 1.06596
3.91 0 0 0.366113 0.452508 0.895835 0.40982 1.0087 1.15233
3.915 0 0 0.654555 0.301174 1.02046 0.437824 1.10988 1.21445
3.92 0 0 0.963282 0.185677 1.1368 0.513832 1.19955 1.24324
3.925 0 0 1.24515 0.120233 1.22987 0.630845 1.27434 1.23529
3.93 0 0 1.45921 0.115905 1.28663 0.777315 1.33197 1.1935
3.935 0 0 1.57552 0.178518 1.29775 0.938192 1.37066 1.12643
3.94 0 0 1.57892 0.306929 1.25889 1.09645 1.38882 1.04671
3.945 0 0 1.47881 0.492046 1.17148 1.23498 1.38486 0.968688
3.95 0 0 1.29726 0.716887 1.0429 1.33857 1.35742 0.905943
3.955 0 0 1.06642 0.957872 0.885862 1.39582 1.30579 0.868944
3.96 0 0 0.823476 1.18731 0.717035 1.40061 1.23053 0.863381
3.965 0 0 0.605486 1.37681 0.555157 1.35303 1.1341 0.889379
3.97 0 0 0.444824 1.50129 0.418688 1.25941 1.02129 0.941677
3.975 0 0 0.365665 1.54272 0.323412 1.13159 0.899283 1.01068
3.98 0 0 0.380233 1.49335 0.280308 0.985399 0.777387 1.08415
3.985 0 0 0.491095 1.35748 0.29402 0.838505 0.66623 1.14924
3.99 0 0 0.690424 1.15162 0.3622 0.708078 0.576655 1.19455
3.995 0 0 0.960195 0.902743 0.475847 0.608479 0.518387 1.2118
4 0 0 1.27251 0.644907 0.620621 0.549393 0.498696 1.19712
4.005 0 0 1.59525 0.414562 0.778925 0.5347 0.521277 1.15155
4.01 0 0 1.89346 0.245336 0.932442 0.562235 0.585534 1.08089
4.015 0 0 2.13279 0.163029 1.0647 0.62447 0.686404 0.994949
4.02 0 0 2.2832 0.181633 1.16327 0.709998 0.814772 0.906133
4.025 0 0 2.32261 0.301031 1.22119 0.805539 0.958428 0.827714
4.03 0 0 2.24016 0.50675 1.23756 0.89814 1.10343 0.771891
4.035 0 0 2.03846 0.771852 1.21704 0.977171 1.23569 0.747912
4.04 0 0 1.73441 1.06067 1.16862 1.0358 1.34253 0.760503
4.045 0 0 1.35818 1.33379 1.10375 1.07171 1.41404 0.808837
4.05 0 0 0.950368 1.55361 1.03437 1.08699 1.44401 0.886252
4.055 0 0 0.557327 1.68944 0.970955 1.08718 1.43044 0.980826
4.06 0 0 0.225192 1.72162 0.921132 1.07981 1.37546 1.07682
4.065 0 0 -0.00645724 1.64393 0.888866 1.07261 1.28493 1.15686
4.07 0 0 -0.110358 1.46408 0.874359 1.07179 1.16757 1.20456
4.075 0 0 -0.0756415 1.20234 0.874556 1.08069 1.03402 1.20722
4.08 0 0 0.0904547 0.888598 0.884092 1.09904 0.895753 1.15826
4.085 0 0 0.363639 0.558345 0.896458 1.12298 0.764059 1.05872
4.09 0 0 0.705458 0.248278 0.905177 1.14571 0.649135 0.917829
4.095 0 0 1.07122 -0.00794253 0.904802 1.15885 0.559331 0.752141
4.1 0 0 1.41555 -0.183254 0.891649 1.15395 0.50057 0.583546
4.105 0 0 1.69522 -0.259752 0.864215 1.12421 0.475949 0.436232
4.11 0 0 1.87577 -0.230104 0.823304 1.06586 0.485556 0.333118
4.115 0 0 1.94444 -0.097828 0.771918 0.979092 0.526522 0.292281
4.12 0 0 1.90568 0.123435 0.714952 0.868459 0.593327 0.323969
4.125 0 0 1.77894 0.411475 0.658747 0.742522 0.678389 0.428704
4.13 0 0 1.59396 0.737716 0.610506 0.612973 0.772902 0.59681
4.135 0 0 1.38475 1.06988 0.577587 0.493287 0.867841 0.809503
4.14 0 0 1.18322 1.37498 0.566692 0.397104 0.955032 1.04139
4.145 0 0 1.01381 1.62245 0.582962 0.336564 1.0281 1.26405
4.15 0 0 0.890085 1.78725 0.629091 0.320781 1.08316 1.45009
4.155 0 0 0.813643 1.85261 0.704558 0.354633 1.11905 1.57714
4.16 0 0 0.775641 1.81215 0.805134 0.437998 1.13714 1.6311
4.165 0 0 0.760256 1.67112 0.922815 0.565499 1.14065 1.60812
4.17 0 0 0.749338 1.44623 1.04629 0.726801 1.13364 1.51508
4.175 0 0 0.727198 1.16416 1.16201 0.907434 1.1199 1.36838
4.18 0 0 0.684508 0.858673 1.2557 1.09009 1.10204 1.19137
4.185 0 0 0.62055 0.566535 1.31429 1.25627 1.08089 1.01059
4.19 0 0 0.5434 0.322838 1.32786 1.38821 1.05548 0.851739
4.195 0 0 0.468101 0.156314 1.29131 1.4708 1.02358 0.735716
4.2 0 0 0.412976 0.0853898 1.20552 1.49341 0.982791 0.675517
4.205 0 0 0.395308 0.115625 1.07761 1.45137 0.931716 0.674464
4.21 0 0 0.428641 0.238983 0.920337 1.34683 0.871191 0.726025
4.215 0 0 0.51798 0.435089 0.750547 1.18898 0.805031 0.815247
4.22 0 0 0.657207 0.674295 0.586937 0.993443 0.740129 0.921561
4.225 0 0 0.832492 0.922047 0.447488 0.7808 0.685774 1.02246
4.23 0 0 1.02271 1.14386 0.346953 0.574492 0.652231 1.09746
4.235 0 0 1.20288 1.31009 0.294854 0.398178 0.648838 1.13162
4.24 0 0 1.34844 1.3998 0.294306 0.272943 0.68196 1.11804
4.245 0 0 1.43936 1.40316 0.341883 0.214666 0.753247 1.05904
4.25 0 0 1.46357 1.32215 0.428517 0.231934 0.858582 0.965553
4.255 0 0 1.41892 1.16966 0.541256 0.324805 0.987998 0.855242
4.26 0 0 1.31361 0.96714 0.665542 0.484613 1.12668 0.749324
4.265 0 0 1.1648 0.741519 0.787564 0.694892 1.25689 0.668907
4.27 0 0 0.996017 0.521641 0.896289 0.933293 1.3606 0.631345
4.275 0 0 0.833476 0.334899 0.984787 1.17427 1.42228 0.647263
4.28 0 0 0.702203 0.204322 1.05068 1.39217 1.43142 0.718712
4.285 0 0 0.622358 0.146356 1.09571 1.56423 1.38435 0.838729
4.29 0 0 0.606337 0.169408 1.12451 1.67323 1.28493 0.99234
4.295 0 0 0.657029 0.273148 1.14301 1.70924 1.14416 1.15879
4.3 0 0 0.7674 0.448528 1.15673 1.67043 0.97863 1.31459
4.305 0 0 0.921443 0.678496 1.16937 1.56286 0.808125 1.43698
4.31 0 0 1.09634 0.939393 1.18197 1.39919 0.652856 1.5071
4.315 0 0 1.26553 1.20302 1.19268 1.19683 0.530694 1.51261
4.32 0 0 1.40238 1.43937 1.19731 0.975634 0.454875 1.44928
4.325 0 0 1.48384 1.61977 1.19028 0.755583 0.432486 1.32144
4.33 0 0 1.49378 1.72037 1.16587 0.554796 0.463919 1.14129
4.335 0 0 1.42551 1.72531 1.11948 0.388043 0.543274 0.927204
4.34 0 0 1.28301 1.62935 1.04866 0.26589 0.659582 0.701328
4.345 0 0 1.08073 1.43934 0.953677 0.194464 0.79856 0.486825
4.35 0 0 0.841942 1.17411 0.83773 0.175701 0.944593 0.305144
4.355 0 0 0.595573 0.862787 0.706716 0.207913 1.08264 0.173653
4.36 0 0 0.372205 0.541439 0.568715 0.286455 1.1998 0.103911
4.365 0 0 0.199548 0.248591 0.433325 0.404367 1.2864 0.100762
4.37 0 0 0.0982156 0.0201341 0.310937 0.552871 1.33653 0.162301
4.375 0 0 0.078444 -0.115569 0.212023 0.721745 1.3481 0.280655
4.38 0 0 0.138394 -0.141613 0.14644 0.899618 1.32252 0.4434
4.385 0 0 0.264396 -0.0549129 0.122733 1.07431 1.26406 0.635387
4.39 0 0 0.433205 0.133381 0.147371 1.23333 1.17919 0.840662
4.395 0 0 0.615972 0.399444 0.223948 1.36456 1.07578 1.04421
4.4 0 0 0.783292 0.710061 0.352359 1.4572 0.962459 1.23329
4.405 0 0 0.910453 1.02708 0.528108 1.50285 0.84795 1.39819
4.41 0 0 0.981923 1.31237 0.741883 1.49656 0.740533 1.53237
4.415 0 0 0.994204 1.53257 0.979621 1.43773 0.647551 1.63207
4.42 0 0 0.956435 1.66301 1.22318 1.33058 0.574998 1.69562
4.425 0 0 0.888561 1.69034 1.45172 1.18412 0.52719 1.72251
4.43 0 0 0.817318 1.61371 1.64368 1.01154 0.506556 1.71264
4.435 0 0 0.770741 1.44438 1.77918 0.828988 0.513584 1.66596
4.44 0 0 0.772217 1.20406 1.84255 0.653918 0.546921 1.58243
4.445 0 0 0.835226 0.922126 1.82456 0.503236 0.603647 1.46253
4.45 0 0 0.959844 0.63218 1.72394 0.391414 0.679647 1.30808
4.455 0 0 1.13174 0.368268 1.54798 0.328872 0.770037 1.12323
4.46 0 0 1.32401 0.161121 1.31202 0.320825 0.869547 0.915283
4.465 0 0 1.50151 0.0347806 1.03775 0.366738 0.972794 0.69521
4.47 0 0 1.62718 0.00390944 0.750769 0.46044 1.07441 0.477464
4.475 0 0 1.6689 0.0720582 0.477504 0.590882 1.16901 0.279145
4.48 0 0 1.606 0.23111 0.242189 0.743419 1.25113 0.118426
4.485 0 0 1.4339 0.462025 0.0641672 0.901473 1.31514 0.0124385
4.49 0 0 1.16614 0.736875 -0.0440045 1.04837 1.35535 -0.0251206
4.495 0 0 0.83324 1.02203 -0.0774696 1.16916 1.36634 0.013705
4.5 0 0 0.47861 1.28218 -0.0389446 1.25219 1.34358 0.129311
4.505 0 0 0.151992 1.48468 0.0623201 1.29033 1.28427 0.313549
4.51 0 0 -0.0983864 1.60371 0.21223 1.28167 1.18831 0.549847
4.515 0 0 -0.233694 1.6237 0.393854 1.22957 1.05912 0.814538
4.52 0 0 -0.231071 1.54146 0.589427 1.14219 0.904164 1.07934
4.525 0 0 -0.0877698 1.36664 0.782064 1.03143 0.734928 1.31472
4.53 0 0 0.177854 1.12061 0.957051 0.911426 0.566217 1.49372
4.535 0 0 0.528725 0.833679 1.10265 0.796835 0.414779 1.59572
4.54 0 0 0.914456 0.541195 1.21053 0.70103 0.297396 1.60957
4.545 0 0 1.27896 0.279007 1.27582 0.634512 0.228679 1.53551
4.55 0 0 1.56903 0.0789529 1.29719 0.603695 0.218939 1.38565
4.555 0 0 1.7426 -0.0350234 1.27665 0.610237 0.272484 1.1826
4.56 0 0 1.77528 -0.0496258 1.21953 0.650993 0.386675 0.95666
4.565 0 0 1.66418 0.0364743 1.13428 0.718583 0.551933 0.741633
4.57 0 0 1.42835 0.212848 1.03203 0.802486 0.752742 0.57002
4.575 0 0 1.10584 0.458924 0.925991 0.890493 0.969516 0.46827
4.58 0 0 0.747716 0.746715 0.830277 0.970316 1.18105 0.452809
4.585 0 0 0.410051 1.04425 0.758486 1.03114 1.36716 0.527496
4.59 0 0 0.145166 1.31928 0.721918 1.06494 1.51111 0.682936
4.595 0 0 -0.00653932 1.54272 0.727795 1.06734 1.60149 0.897769
4.6 0 0 -0.0228255 1.6917 0.777735 1.0381 1.63319 1.14177
4.605 0 0 0.0970468 1.75164 0.866843 0.981024 1.60753 1.38024
4.61 0 0 0.332386 1.71747 0.983681 0.903403 1.53143 1.57908
4.615 0 0 0.644514 1.59383 1.11127 0.815141 1.41602 1.70962
4.62 0 0 0.983 1.39424 1.22911 0.727551 1.27475 1.75265
4.625 0 0 1.29366 1.13957 1.31593 0.652035 1.12153 1.70092
4.63 0 0 1.52706 0.855738 1.35292 0.598737 0.969134 1.55986
4.635 0 0 1.64609 0.571146 1.3267 0.575332 0.827983 1.34642
4.64 0 0 1.63157 0.313822 1.23183 0.586062 0.705593 1.08648
4.645 0 0 1.48499 0.108738 1.07207 0.631153 0.606525 0.810964
4.65 0 0 1.22799 -0.0245894 0.860451 0.70669 0.532796 0.551659
4.655 0 0 0.898902 -0.0739434 0.617889 0.805015 0.484562 0.337046
4.66 0 0 0.546788 -0.0355731 0.370592 0.915611 0.460857 0.188906
4.665 0 0 0.224126 0.0854545 0.146702 1.02641 0.460228 0.120006
4.67 0 0 -0.0208707 0.27575 -0.0273848 1.12535 0.481123 0.133112
4.675 0 0 -0.15107 0.514925 -0.130432 1.20196 0.521994 0.221329
4.68 0 0 -0.145479 0.777637 -0.14903 1.24872 0.581144 0.369609
4.685 0 0 -0.00188105 1.0362 -0.0791729 1.26204 0.656394 0.557126
4.69 0 0 0.263218 1.26352 0.0734132 1.24254 0.744721 0.760152
4.695 0 0 0.617203 1.43599 0.294158 1.19474 0.841974 0.955045
4.7 0 0 1.01607 1.53623 0.561536 1.12611 0.942797 1.12099
4.705 0 0 1.41051 1.55503 0.849643 1.04561 1.0408 1.24218
4.71 0 0 1.75255 1.49251 1.13109 0.96218 1.12898 1.30927
4.715 0 0 2.0017 1.35817 1.37984 0.883236 1.20037 1.31991
4.72 0 0 2.13001 1.1697 1.57377 0.813672 1.24875 1.27843
4.725 0 0 2.12518 0.950798 1.6966 0.755407 1.26936 1.19479
4.73 0 0 1.99153 0.728095 1.73927 0.707628 1.25947 1.08282
4.735 0 0 1.7487 0.527699 1.70051 0.667621 1.21877 0.95822
4.74 0 0 1.42831 0.371756 1.58677 0.631997 1.14948 0.836464
4.745 0 0 1.06918 0.275598 1.4114 0.598009 1.05621 0.730898
4.75 0 0 0.711818 0.245887 1.19331 0.564669 0.945587 0.651352
4.755 0 0 0.392982 0.280063 0.955028 0.533393 0.825831 0.603366
4.76 0 0 0.141175 0.367177 0.720383 0.50803 0.706106 0.588104
4.765 0 0 -0.0263243 0.489951 0.512049 0.494255 0.595928 0.602915
4.77 0 0 -0.104507 0.627721 0.349088 0.498463 0.504529 0.642354
4.775 0 0 -0.09972 0.759742 0.244852 0.526384 0.440221 0.699456
4.78 0 0 -0.0270984 0.8683 0.2055 0.581717 0.409764 0.766988
4.785 0 0 0.0930877 0.941126 0.229379 0.665067 0.417733 0.838458
4.79 0 0 0.239412 0.972742 0.307419 0.773388 0.465929 0.908713
4.795 0 0 0.392843 0.964609 0.424544 0.900035 0.552896 0.974088
4.8 0 0 0.53923 0.92414 0.561939 1.03541 0.673623 1.03214
4.805 0 0 0.67038 0.86287 0.699875 1.16806 0.819559 1.08112
4.81 0 0 0.78366 0.794188 0.820653 1.28601 0.979023 1.11946
4.815 0 0.638074 0.880427 0.731066 0.911196 1.37815 1.13805 1.14527
4.82 0 1.02225 0.963805 0.684179 0.964867 1.43535 1.28165 1.15633
4.825 0 1.32959 1.03645 0.660669 0.982176 1.45136 1.39542 1.15032
4.83 0 1.5343 1.09886 0.663637 0.970265 1.42324 1.46719 1.12544
4.835 0 1.62047 1.14874 0.692312 0.941247 1.35147 1.48862 1.0812
4.84 0 1.58334 1.1814 0.742716 0.909686 1.23981 1.45641 1.01925
4.845 0 1.42948 1.19118 0.808586 0.889671 1.09489 1.37286 0.943852
4.85 0 1.1758 1.17343 0.882365 0.892014 0.925863 1.24576 0.861996
4.855 0 0.847615 1.12641 0.956091 0.92207 0.743908 1.08755 0.782857
4.86 0 0.476015 1.05277 1.02214 0.978573 0.561718 0.913801 0.71675
4.865 0 0.0947323 0.959984 1.0738 1.05371 0.392907 0.741372 0.673617
4.87 0 -0.263022 0.859654 1.10581 1.13439 0.251247 0.586431 0.661337
4.875 0 -0.567529 0.76577 1.11475 1.20452 0.1497 0.462679 0.684151
4.88 0 -0.795037 0.692252 1.09952 1.24787 0.099257 0.380016 0.741518
4.885 0 -0.92953 0.650274 1.06156 1.25096 0.107655 0.343812 0.827677
4.89 0 -0.951373 0.645935 1.00503 1.20557 0.178132 0.354804 0.932045
4.895 0 -0.853219 0.678765 0.936502 1.11037 0.308443 0.409544 1.04047
4.9 0 -0.63946 0.741383 0.864349 0.971434 0.49035 0.501243 1.13717
4.905 0 -0.326021 0.820414 0.79764 0.801547 0.709796 0.620792 1.20713
4.91 0 0.0609922 0.898525 0.744749 0.618459 0.947869 0.757775 1.23842
4.915 0 0.48766 0.957259 0.711857 0.442395 1.18253 0.901348 1.22427
4.92 0 0.915406 0.980195 0.701649 0.293225 1.39096 1.04091 1.16435
4.925 0 1.30466 0.955927 0.712529 0.187765 1.55222 1.16658 1.06507
4.93 0 1.61866 0.880396 0.738574 0.137603 1.64985 1.26963 0.938865
4.935 0 1.82712 0.758182 0.770373 0.147764 1.67402 1.34278 0.80249
4.94 0 1.90925 0.60252 0.796641 0.216338 1.62289 1.38062 0.674627
4.945 0 1.85604 0.433983 0.806384 0.335068 1.50286 1.3801 0.573143
4.95 0 1.67541 0.277928 0.791199 0.490718 1.32777 1.34093 0.512458
4.955 0 1.38603 0.161002 0.747257 0.666957 1.11707 1.26598 0.501429
4.96 0 1.01677 0.10714 0.676511 0.846429 0.893326 1.16133 0.542072
4.965 0 1.28647 0.133601 0.586863 1.01273 0.67932 1.03602 0.629313
4.97 0 1.38245 0.247643 0.491155 1.152 0.495352 0.901404 0.751778
4.975 0 1.46504 0.444413 0.405157 1.25408 0.357027 0.770026 0.893474
4.98 0 1.53708 0.706511 0.344887 1.31303 0.273862 0.654281 1.03607
4.985 0 1.60077 1.00546 0.323761 1.32721 0.248837 0.564944 1.16143
4.99 0 1.65655 1.30505 0.350129 1.29896 0.278846 0.509846 1.25395
4.995 0 1.70235 1.56619 0.425671 1.23392 0.355865 0.492892 1.30255
5 0 1.73324 1.7526 0.544938 1.14028 0.468543 0.513609 1.30177
5.005 0 1.74178 1.83646 0.696142 1.02792 0.603902 0.567276 1.25226
5.01 0 1.71918 1.80312 0.86301 0.907504 0.748844 0.645629 1.16035
5.015 0 1.65699 1.65387 1.02732 0.789659 0.891292 0.738009 1.03698
5.02 0 1.54929 1.40639 1.17165 0.684122 1.02088 0.832759 0.896226
5.025 0 1.39474 1.09247 1.28181 0.598979 1.12922 0.918651 0.753515
5.03 0 1.19813 0.75348 1.34851 0.539988 1.20991 0.986155 0.623905
5.035 0 0.97146 0.434163 1.36814 0.510077 1.25844 1.02837 0.520504
5.04 0 0.732851 0.175832 1.3424 0.509086 1.27208 1.04158 0.453207
5.045 0 0.504898 0.01013 1.27731 0.533836 1.24999 1.02537 0.427838
5.05 0 0.311716 -0.0455923 1.18152 0.57856 1.19338 0.982434 0.445724
5.055 0 0.175342 0.00948836 1.06471 0.635685 1.10583 0.918101 0.503699
5.06 0 0.112124 0.160153 0.936212 0.696896 0.993486 0.839706 0.594538
5.065 0 0.134694 0.378181 0.80416 0.754325 0.864978 0.755889 0.70776
5.07 0 0.243959 0.627342 0.675321 0.801692 0.731101 0.67586 0.830757
5.075 0 0.429115 0.869395 0.555426 0.835206 0.604003 0.608679 0.950144
5.08 0 0.668855 1.07006 0.449788 0.854053 0.496038 0.562532 1.05323
5.085 0 0.938633 1.20397 0.363886 0.860381 0.418391 0.544038 1.12942
5.09 0 1.20955 1.25783 0.303601 0.85876 0.379671 0.557589 1.17148
5.095 0 1.45336 1.23153 0.274917 0.855218 0.384717 0.604782 1.17636
5.1 0 1.64647 1.13701 0.283058 0.856005 0.433823 0.684023 1.14555
5.105 0 1.77292 0.995473 0.331199 0.866311 0.522528 0.790367 1.08488
5.11 0 1.82598 0.833379 0.419088 0.889165 0.642035 0.915704 1.00373
5.115 0 1.80809 0.678019 0.541942 0.924706 0.78019 1.04931 0.913783
5.12 0 1.72951 0.553356 0.690022 0.969962 0.922886 1.17878 0.82746
5.125 0 1.60588 0.476711 0.849129 1.01916 1.05568 1.2913 0.756296
5.13 0 1.45546 0.456694 1.00209 1.06452 1.1654 1.37501 0.709477
5.135 0 1.29497 0.492555 1.13109 1.0974 1.24153 1.42053 0.692752
5.14 0 1.13664 0.574918 1.22043 1.10965 1.27717 1.42213 0.707871
5.145 0 0.992468 0.687706 1.25924 1.09481 1.26965 1.37861 0.752586
5.15 0 0.871702 0.810923 1.24357 1.04928 1.22052 1.29362 0.821188
5.155 0 0.780698 0.923857 1.17735 0.972925 1.1353 1.17535 0.905423
5.16 0 0.723394 1.00827 1.07206 0.869393 1.02277 1.03567 0.995629
5.165 0 0.70168 1.05111 0.944921 0.745887 0.894101 0.88867 1.08189
5.17 0 0.715483 1.04637 0.816096 0.612535 0.761925 0.749001 1.15505
5.175 0 0.762677 0.995828 0.705198 0.481408 0.639225 0.630053 1.20746
5.18 0 0.838739 0.908557 0.627903 0.365317 0.538313 0.542329 1.2335
5.185 0 0.936489 0.799249 0.59323 0.276494 0.469795 0.49222 1.22975
5.19 0 1.04613 0.685679 0.602047 0.225319 0.441588 0.481359 1.19513
5.195 0 1.15584 0.585709 0.647087 0.219181 0.458063 0.506634 1.13079
5.2 0 1.25297 0.51436 0.714465 0.261614 0.519368 0.560859 1.04006
5.205 0 1.32575 0.481496 0.786415 0.351765 0.621039 0.633977 0.928372
5.21 0 1.36532 0.490527 0.844715 0.484276 0.754028 0.714622 0.803031
5.215 0 1.36747 0.538356 0.87415 0.649591 0.905213 0.79177 0.672992
5.22 0 1.33387 0.616525 0.865369 0.834676 1.05846 0.856253 0.548353
5.225 0 1.26948 0.713278 0.816628 1.02412 1.19619 0.901881 0.43965
5.23 0 1.18222 0.816053 0.73411 1.20152 1.30132 0.92604 0.356915
5.235 0 1.08835 0.913836 0.630821 1.35098 1.35939 0.929687 0.308593
5.24 0 1.00584 0.998857 0.524289 1.45872 1.36056 0.916785 0.300464
5.245 0 0.950983 1.06729 0.433528 1.51442 1.30119 0.893305 0.334756
5.25 0 0.934708 1.11888 0.375808 1.51236 1.18472 0.865991 0.409639
5.255 0 0.960325 1.15562 0.363808 1.45211 1.02166 0.841123 0.519238
5.26 0 1.02269 1.18005 0.40359 1.33863 0.828589 0.823481 0.654215
5.265 0 1.10894 1.19353 0.493695 1.18195 0.626288 0.815691 0.802875
5.27 0 1.20061 1.19508 0.625426 0.996195 0.437198 0.818026 0.952622
5.275 0 1.2769 1.18122 0.784192 0.798166 0.282597 0.828678 1.09153
5.28 0 1.31828 1.14673 0.951635 0.605675 0.179876 0.844383 1.20974
5.285 0 1.30997 1.0863 1.10815 0.43567 0.140339 0.861285 1.30049
5.29 0 1.24464 0.996611 1.23543 0.302477 0.167838 0.875818 1.36052
5.295 0 1.12373 0.878264 1.31865 0.216309 0.258459 0.88546 1.38992
5.3 0 0.957403 0.73705 1.34808 0.182249 0.401259 0.889194 1.39139
5.305 0 0.763066 0.584185 1.31999 0.199836 0.579916 0.887629 1.36919
5.31 0 0.562778 0.435329 1.23684 0.263315 0.775015 0.88276 1.32801
5.315 0 0.380079 0.30852 1.10679 0.36253 0.966588 0.877454 1.27201
5.32 0 0.236748 0.221398 0.942647 0.484341 1.13652 0.874765 1.20426
5.325 0 0.150024 0.188238 0.760571 0.614396 1.2705 0.877239 1.12664
5.33 0 0.130659 0.217354 0.578402 0.738995 1.35927 0.886331 1.04024
5.335 0 0.181999 0.309339 0.413993 0.846815 1.39909 0.902045 0.946112
5.34 0 0.300084 0.456459 0.28353 0.930224 1.39143 0.92286 0.846036
5.345 0 0.474218 0.64326 0.199995 0.986026 1.34207 0.945937 0.743243
5.35 0 0.688231 0.848293 0.171857 1.01552 1.25984 0.967567 0.642702
5.355 0 0.923823 1.04665 0.202123 1.02386 1.15518 0.983774 0.55094
5.36 0 1.15796 1.21298 0.287861 1.01887 1.03883 0.990972 0.475347
5.365 0 1.36787 1.32459 0.420297 1.00944 0.920704 0.986567 0.423099
5.37 0 1.53639 1.36428 0.585557 1.00382 0.809186 0.96942 0.399895
5.375 0 1.65013 1.3227 0.766051 1.00805 0.710681 0.940098 0.408792
5.38 0 1.7003 1.19988 0.942405 1.02477 0.62953 0.900886 0.449394
5.385 0 1.68321 1.0059 1.09575 1.05265 0.568135 0.855558 0.517579
5.39 0 1.60061 0.760471 1.21007 1.0865 0.527229 0.808928 0.605861
5.395 0 1.45977 0.491325 1.27435 1.11807 0.506222 0.76624 0.704346
5.4 0 1.27326 0.231553 1.28402 1.1374 0.503561 0.73247 0.802116
5.405 0 1.05825 0.0158792 1.24164 1.13453 0.517061 0.711631 0.888807
5.41 0 0.835169 -0.123718 1.15648 1.10135 0.544208 0.706159 0.956102
5.415 0 0.625814 -0.162574 1.04316 1.03321 0.582405 0.716491 0.998881
5.42 0 0.45087 -0.0874282 0.919346 0.93007 0.629163 0.740888 1.01584
5.425 0 0.327212 0.10066 0.803046 0.797043 0.682229 0.77557 1.00951
5.43 0 0.265364 0.385217 0.709811 0.644111 0.739631 0.81516 0.985627
5.435 0 0.267624 0.735502 0.65035 0.485125 0.799654 0.853407 0.952129
5.44 0 0.3273 1.10997 0.628957 0.336151 0.860735 0.884111 0.917777
5.445 0 0.429393 1.46173 0.643036 0.213428 0.92131 0.902116 0.890788
5.45 0 0.552774 1.74518 0.683769 0.131211 0.97965 0.904222 0.877603
5.455 0 0.673638 1.92286 0.737823 0.0998281 1.03371 0.889853 0.881988
5.46 0 0.769667 1.9713 0.78978 0.124256 1.08107 0.861348 0.904572
5.465 0 0.824195 1.88482 0.824838 0.203406 1.11896 0.823782 0.942835
5.47 0 0.829498 1.67651 0.831351 0.330261 1.14438 0.784292 0.991524
5.475 0 0.78854 1.37621 0.80276 0.492804 1.15443 0.750985 1.0434
5.48 0 0.714665 1.0258 0.738633 0.675616 1.14658 0.731574 1.0902
5.485 0 0.629178 0.672534 0.644712 0.86186 1.11912 0.731948 1.12367
5.49 0 0.557201 0.361779 0.531996 1.03535 1.07144 0.754935 1.13664
5.495 0 0.522553 0.130211 0.415107 1.18241 1.0044 0.799492 1.12384
5.5 0 0.54267 0.000825116 0.310228 1.29317 0.92044 0.860499 1.08267
5.505 0 0.624613 -0.0195679 0.232964 1.36231 0.823586 0.929267 1.0136
5.51 0 0.763001 0.059955 0.196435 1.38897 0.719331 0.994713 0.920286
5.515 0 0.940387 0.217275 0.209801 1.37617 0.614309 1.04506 0.809396
5.52 0 1.13009 0.421918 0.277357 1.32971 0.515858 1.0698 0.690102
5.525 0 1.30097 0.640585 0.398175 1.25692 0.43148 1.06162 0.573264
5.53 0 1.42327 0.8425 0.566249 1.16546 0.368252 1.01787 0.470379
5.535 0 1.47436 1.00364 0.771017 1.06237 0.332216 0.941415 0.392374
5.54 0 1.44321 1.10929 0.998171 0.953573 0.327819 0.840567 0.348371
5.545 0 1.33283 1.15473 1.23066 0.84367 0.357438 0.728126 0.34456
5.55 0 1.16 1.14417 1.44984 0.736199 0.421043 0.619627 0.383342
5.555 0 0.952455 1.08854 1.6368 0.634033 0.516026 0.531059 0.462874
5.56 0 0.744082 1.00266 1.77378 0.539842 0.63723 0.47643 0.577111
5.565 0 0.568978 0.902387 1.84569 0.456451 0.777188 0.465571 0.716384
5.57 0 0.455524 0.802335 1.84164 0.386989 0.926551 0.502559 0.868446
5.575 0 0.421571 0.714349 1.75635 0.334798 1.0747 0.58501 1.01988
5.58 0 0.471525 0.646798 1.59118 0.303123 1.21047 0.704369 1.15765
5.585 0 0.595815 0.604571 1.35479 0.294669 1.32302 0.847139 1.2706
5.59 0 0.772688 0.589497 1.06292 0.311136 1.4026 0.996815 1.35065
5.595 0 0.971949 0.600929 0.737586 0.352832 1.44146 1.13622 1.39346
5.6 0 1.15988 0.636277 0.405278 0.418446 1.43455 1.24982 1.39861
5.605 0 1.30451 0.691373 0.094616 0.505003 1.38008 1.32568 1.36912
5.61 0 1.38037 0.760667 -0.166538 0.608022 1.28001 1.3568 1.31056
5.615 0 1.37211 0.837347 -0.354078 0.721808 1.14013 1.34157 1.22983
5.62 0 1.27649 0.913511 -0.450429 0.839838 0.969981 1.28352 1.13401
5.625 0 1.10272 0.980513 -0.446716 0.955189 0.782369 1.19033 1.02934
5.63 0 0.87112 1.02957 -0.344001 1.06096 0.59256 1.07245 0.920642
5.635 0 0.610469 1.05259 -0.153411 1.1507 0.417114 0.94158 0.81126
5.64 0 0.354431 1.04324 0.104949 1.21875 0.272429 0.809177 0.703439
5.645 0 0.137421 0.997909 0.404177 1.26065 0.173111 0.68536 0.599075
5.65 0 -0.00961683 0.916684 0.713618 1.27349 0.13031 0.578179 0.500577
5.655 0 -0.0631309 0.803875 1.00241 1.25619 0.150227 0.493322 0.411603
5.66 0 -0.0101854 0.668136 1.24305 1.20975 0.233016 0.434182 0.337422
5.665 0 0.149376 0.52202 1.41458 1.13737 0.372271 0.402157 0.284764
5.67 0 0.402153 0.380965 1.50488 1.0443 0.555248 0.397047 0.261099
5.675 0 0.722036 0.261781 1.51186 0.937628 0.763887 0.417448 0.273441
5.68 0 1.07276 0.180758 1.44322 0.825654 0.976585 0.461061 0.326885
5.685 0 1.41205 0.151617 1.31505 0.717215 1.17054 0.524888 0.423159
5.69 0 1.69699 0.183527 1.14922 0.620803 1.32442 0.605344 0.559505
5.695 0 1.88988 0.279484 0.97016 0.543703 1.42096 0.698315 0.728154
5.7 0 1.96398 0.435274 0.801352 0.491224 1.44923 0.799209 0.916563
5.705 0 1.9079 0.639271 0.662169 0.466162 1.40612 0.903038 1.10846
5.71 0 1.72809 0.873154 0.565478 0.468555 1.29685 1.00453 1.28559
5.715 0 1.44874 1.11357 0.516383 0.495793 1.13452 1.09831 1.42988
5.72 0 1.10877 1.3346 0.512248 0.543042 0.938485 1.17906 1.52581
5.725 0 0.756535 1.51077 0.543961 0.603924 0.732042 1.24175 1.5625
5.73 0 0.442554 1.62027 0.598167 0.671343 0.539534 1.28183 1.53522
5.735 0 0.211801 1.64785 0.660037 0.738333 0.38336 1.29554 1.44621
5.74 0 0.0965411 1.5871 0.716087 0.7988 0.281266 1.28018 1.3045
5.745 0 0.111084 1.44173 0.756523 0.848074 0.244276 1.23444 1.12489
5.75 0 0.249341 1.22546 0.776726 0.883216 0.275515 1.15886 0.926151
5.755 0 0.485658 0.960763 0.777652 0.903069 0.370053 1.0561 0.728796
5.76 0 0.77881 0.676326 0.765118 0.908095 0.515746 0.931291 0.552631
5.765 0 1.07851 0.403653 0.748175 0.900067 0.694915 0.792052 0.414466
5.77 0 1.33336 0.173227 0.736916 0.881684 0.886611 0.648275 0.326257
5.775 0 1.49889 0.0106908 0.740161 0.856199 1.06915 0.511524 0.293896
5.78 0 1.54441 -0.0664141 0.763486 0.827093 1.22258 0.394057 0.316772
5.785 0 1.45769 -0.0509523 0.807931 0.797821 1.33081 0.307559 0.388135
5.79 0 1.24657 0.0527957 0.869645 0.771633 1.38315 0.261698 0.496183
5.795 0 0.937676 0.229564 0.940466 0.75141 1.37515 0.262747 0.625718
5.8 0 0.572233 0.454954 1.00933 0.739507 1.30872 0.312476 0.760159
5.805 0 0.200014 0.698514 1.0642 0.737556 1.19157 0.407551 0.883651
5.81 0 -0.127803 0.927678 1.09416 0.746229 1.03611 0.539577 0.983017
5.815 0 -0.365675 1.1121 1.09129 0.765 0.857973 0.695863 1.0493
5.82 0 -0.479711 1.22778 1.05203 0.791959 0.674345 0.86082 1.07873
5.825 0 -0.451898 1.26053 0.977796 0.823757 0.502292 1.01784 1.07293
5.83 0 -0.282097 1.20807 0.874846 0.855763 0.357226 1.15137 1.03841
5.835 0 0.0123137 1.08065 0.753365 0.882466 0.251645 1.24889 0.985345
5.84 0 0.398931 0.89979 0.626053 0.898144 0.194194 1.30245 0.925836
5.845 0 0.83455 0.695385 0.506411 0.897714 0.189128 1.30962 0.8719
5.85 0 1.2705 0.501425 0.407002 0.877655 0.236157 1.27352 0.833471
5.855 0 1.65842 0.350966 0.33794 0.836842 0.330676 1.20219 0.816745
5.86 0 1.95578 0.271038 0.305784 0.777112 0.464315 1.10718 0.823136
5.865 0 2.13061 0.278321 0.312936 0.703419 0.625779 1.00169 0.849038
5.87 0 2.16483 0.376291 0.357579 0.623493 0.801869 0.898611 0.886459
5.875 0 2.056 0.554347 0.434101 0.547001 0.978608 0.808694 0.924452
5.88 0 1.8172 0.789143 0.5339 0.484319 1.14237 0.739177 0.951131
5.885 0 1.47535 1.04795 0.64646 0.445085 1.28092 0.693083 0.955936
5.89 0 1.06789 1.29359 0.760539 0.436769 1.38426 0.669251 0.93176
5.895 0 0.638499 1.49006 0.865368 0.463503 1.44524 0.663082 0.876559
5.9 0 0.232299 1.60809 0.951726 0.525367 1.45993 0.667826 0.794122
5.905 0 -0.109011 1.62955 1.01281 0.618245 1.42764 0.676159 0.693845
5.91 0 -0.351417 1.5501 1.04481 0.734266 1.35075 0.681757 0.5895
5.915 0 -0.471883 1.37965 1.04721 0.862756 1.23442 0.68058 0.497178
5.92 0 -0.460356 1.14058 1.02268 0.991508 1.08606 0.671631 0.432733
5.925 0.248232 -0.320354 0.864045 0.976672 1.10818 0.914916 0.65707 0.409169
5.93 0.36957 -0.0681545 0.585177 0.916684 1.20162 0.731528 0.641667 0.434404
5.935 0.456999 0.269222 0.337847 0.851312 1.26288 0.547305 0.631732 0.509794
5.94 0.50228 0.656972 0.149977 0.789153 1.28598 0.374069 0.633719 0.629693
5.945 0.501877 1.05606 0.040071 0.737722 1.26818 0.22357 0.652805 0.782106
5.95 0.457182 1.42699 0.0154335 0.702501 1.21005 0.106937 0.691695 0.950333
5.955 0.374246 1.73356 0.0722182 0.686265 1.1152 0.0340126 0.749919 1.11533
5.96 0.263025 1.9461 0.197104 0.688793 0.989923 0.0125746 0.823713 1.25838
5.965 0.481258 2.0442 0.370149 0.707012 0.842741 0.0474965 0.906537 1.36366
5.97 0.630395 2.01857 0.568227 0.735564 0.68391 0.139933 0.990088 1.42031
5.975 0.753774 1.87181 0.768409 0.767728 0.524868 0.286664 1.06563 1.42361
5.98 0.842577 1.61835 0.950767 0.796536 0.377605 0.479753 1.12536 1.37534
5.985 0.898388 1.28309 1.10024 0.815914 0.253922 0.706648 1.16359 1.28312
5.99 0.922623 0.89915 1.20745 0.821658 0.164569 0.950821 1.17747 1.15894
5.995 0.917732 0.504829 1.26853 0.812067 0.118312 1.19296 1.16724 1.01735
6 0.887003 0.139883 1.28424 0.788136 0.121 1.41264 1.13591 0.873333
6.005 0.834439 -0.158358 1.25868 0.753279 0.174767 1.59033 1.08847 0.740434
6.01 0.764647 -0.358753 1.19795 0.712632 0.27751 1.70944 1.03091 0.629294
6.015 0.682671 -0.439573 1.10908 0.672097 0.422747 1.75825 0.96915 0.54674
6.02 0.59374 -0.390843 0.999256 0.637284 0.599944 1.73132 0.90807 0.495537
6.025 0.502926 -0.215556 0.875606 0.612582 0.795307 1.63029 0.850939 0.474699
6.03 0.41477 0.0703972 0.745181 0.600512 0.992982 1.46385 0.799166 0.480253
6.035 0.332949 0.439581 0.615202 0.601475 1.17652 1.24694 0.75246 0.506257
6.04 0.260061 0.855539 0.493252 0.613934 1.33044 0.999166 0.709318 0.545902
6.045 0.197589 1.27626 0.38728 0.634933 1.44172 0.742757 0.667701 0.59251
6.05 0.14606 1.6583 0.305291 0.660856 1.50104 0.500237 0.62578 0.640322
6.055 0.105389 1.96114 0.254705 0.688213 1.50364 0.292111 0.582591 0.685
6.06 0.0753453 2.15146 0.241452 0.714295 1.44971 0.134862 0.538519 0.723845
6.065 0.332337 2.2069 0.268931 0.737567 1.34434 0.0394569 0.495517 0.755738
6.07 0.454814 2.11882 0.33706 0.757707 1.197 0.0105197 0.457049 0.780896
6.075 0.538547 1.89383 0.441611 0.775343 1.02063 0.0462035 0.427759 0.800497
6.08 0.583881 1.55378 0.574031 0.791557 0.830461 0.138743 0.412919 0.816257
6.085 0.599317 1.13391 0.721883 0.807303 0.64262 0.275574 0.417702 0.830031
6.09 0.598164 0.679492 0.869923 0.822922 0.47266 0.440856 0.446382 0.843471
6.095 0.937087 0.24085 1.00177 0.837854 0.334175 0.617233 0.501534 0.857788
6.1 1.231 -0.132435 1.10197 0.850659 0.237572 0.787626 0.583357 0.873617
6.105 1.52682 -0.397658 1.15815 0.859322 0.189165 0.936898 0.68921 0.890994
6.11 1.81127 -0.524532 1.16304 0.861782 0.19067 1.05324 0.813457 0.90942
6.115 2.06433 -0.499348 1.11584 0.856541 0.239178 1.12914 0.947698 0.92799
6.12 2.26212 -0.327024 1.02286 0.843196 0.327608 1.16193 1.0814 0.945568
6.125 2.38101 -0.0306431 0.897116 0.822745 0.445607 1.15374 1.20292 0.960963
6.13 2.40228 0.351593 0.756807 0.797574 0.580771 1.11101 1.30078 0.97309
6.135 2.31642 0.771594 0.622982 0.771091 0.72004 1.04351 1.36509 0.981077
6.14 2.12594 1.17804 0.516505 0.747079 0.851077 0.963008 1.38889 0.984321
6.145 1.84625 1.52341 0.454862 0.728891 0.963447 0.881746 1.36923 0.982472
6.15 1.50425 1.77033 0.449264 0.718663 1.04946 0.810877 1.30772 0.975368
6.155 1.13498 1.89611 0.502544 0.716743 1.10461 0.759074 1.21052 0.962932
6.16 0.776793 1.89494 0.608248 0.721461 1.12754 0.731505 1.08775 0.945073
6.165 0.46601 1.77741 0.751138 0.729349 1.11973 0.729306 0.952219 0.921635
6.17 0.231908 1.56757 0.909123 0.735784 1.08487 0.749643 0.817825 0.892406
6.175 0.0929669 1.29828 1.05638 0.735961 1.02819 0.786352 0.697794 0.857234
6.18 0.0549067 1.00574 1.16722 0.726026 0.955802 0.831069 0.602984 0.816234
6.185 0.11072 0.724128 1.22014 0.704133 0.874161 0.874654 0.540568 0.770063
6.19 0.242538 0.481385 1.2014 0.671216 0.789714 0.908692 0.51326 0.720207
6.195 0.429051 0.296518 1.10751 0.631279 0.708672 0.926814 0.519207 0.669209
6.2 0.64312 0.178781 0.946282 0.59111 0.63686 0.925617 0.552525 0.620742
6.205 0.861397 0.128462 0.736125 0.559408 0.579567 0.905036 0.604387 0.579478
6.21 1.06204 0.138803 0.503735 0.545444 0.541312 0.868125 0.664472 0.550679
6.215 1.22788 0.198474 0.280469 0.557451 0.525509 0.820298 0.722529 0.539558
6.22 1.34777 0.293972 0.0979332 0.601017 0.534035 0.768208 0.769836 0.550434
6.225 1.417 0.411551 -0.0165355 0.677761 0.56679 0.718477 0.800326 0.585837
6.23 1.43685 0.538451 -0.0438343 0.784543 0.621349 0.676546 0.811247 0.645706
6.235 1.41371 0.66349 0.0240945 0.913387 0.692822 0.645845 0.803297 0.726857
6.24 1.35778 0.777234 0.18301 1.05216 0.774039 0.627449 0.780244 0.822874
6.245 1.28164 0.872005 0.416841 1.18591 0.856095 0.620244 0.748133 0.924528
6.25 1.19812 0.941983 0.699796 1.29879 0.929243 0.621554 0.714223 1.0207
6.255 1.11962 0.983509 0.999767 1.37605 0.984049 0.628036 0.685829 1.09976
6.26 1.05835 0.995518 1.28254 1.40608 1.01265 0.636663 0.669238 1.15114
6.265 1.02395 0.979948 1.51619 1.38196 1.00993 0.645524 0.668839 1.16701
6.27 1.02322 0.94186 1.67507 1.30239 0.974403 0.654298 0.686586 1.1435
6.275 1.0583 0.88908 1.74284 1.1719 0.908648 0.664272 0.72182 1.08158
6.28 1.12589 0.831298 1.71417 1.00029 0.819227 0.677918 0.771473 0.987173
6.285 1.21696 0.778686 1.59504 0.801426 0.716003 0.698141 0.830565 0.87052
6.29 1.31738 0.740314 1.40142 0.591623 0.610988 0.727369 0.892937 0.744947
6.295 1.4095 0.722691 1.15689 0.387882 0.516853 0.766709 0.95207 0.625137
6.3 1.47457 0.728764 0.889316 0.2062 0.445312 0.815379 1.0019 0.525221
6.305 1.49564 0.757623 0.627214 0.0601694 0.405614 0.870539 1.0375 0.456968
6.31 1.46066 0.804957 0.396244 -0.0399998 0.403353 0.927585 1.05558 0.428344
6.315 1.36507 0.864125 0.216328 -0.0880182 0.439772 0.980842 1.05473 0.442627
6.32 1.2135 0.927527 0.0997384 -0.0816435 0.511626 1.02451 1.0354 0.498168
6.325 1.01999 0.987926 0.0503548 -0.0224935 0.611628 1.05369 0.999723 0.588777
6.33 0.806789 1.03936 0.0641352 0.0843491 0.729368 1.06516 0.951088 0.70461
6.335 0.601549 1.07746 0.13063 0.230852 0.852571 1.05797 0.893724 0.833397
6.34 0.433548 1.09921 0.235244 0.406612 0.968496 1.03342 0.832195 0.961813
6.345 0.329345 1.10229 0.361835 0.599487 1.0653 0.994722 0.770981 1.07682
6.35 0.308646 1.08445 0.495205 0.796299 1.13322 0.946303 0.714131 1.16688
6.355 0.381097 1.04316 0.623087 0.983634 1.16541 0.892874 0.665035 1.22289
6.36 0.544602 0.975921 0.737316 1.14874 1.15849 0.838596 0.626297 1.23896
6.365 0.785458 0.88118 0.834075 1.2805 1.11275 0.786437 0.599705 1.21288
6.37 1.07609 0.759796 0.913241 1.37038 1.03201 0.737905 0.586266 1.14631
6.375 1.38435 0.616536 0.977075 1.41324 0.923306 0.693178 0.586267 1.04483
6.38 1.6722 0.461152 1.02858 1.40788 0.796339 0.651601 0.59936 0.917575
6.385 1.90909 0.308515 1.06997 1.35723 0.662796 0.612401 0.624631 0.776647
6.39 2.07129 0.177497 1.10156 1.26801 0.535477 0.575445 0.660664 0.636151
6.395 2.14434 0.0885708 1.12139 1.14999 0.427277 0.541825 0.705587 0.510915
6.4 2.1239 0.0604359 1.12564 1.0149 0.350024 0.514121 0.757121 0.414982
6.405 2.01508 0.106293 1.10975 0.875045 0.313222 0.496243 0.812631 0.35999
6.41 1.83061 0.23054 1.06994 0.741998 0.322823 0.492859 0.869201 0.35366
6.415 1.58844 0.426686 1.00478 0.625379 0.380179 0.508512 0.923739 0.398605
6.42 1.30928 0.677056 0.916384 0.532023 0.481379 0.546595 0.973113 0.491682
6.425 1.01466 0.954557 0.810915 0.465555 0.617156 0.608392 1.01432 0.624035
6.43 0.725539 1.2263 0.698169 0.426428 0.773515 0.692391 1.04468 0.781893
6.435 0.461599 1.45852 0.590326 0.412357 0.933099 0.794018 1.06204 0.948063
6.44 0.240245 1.62191 0.500032 0.419037 1.07721 0.905853 1.06496 1.10396
6.445 0.0772455 1.69633 0.438217 0.441008 1.18827 1.01831 1.05288 1.23185
6.45 -0.0130178 1.67411 0.412089 0.47254 1.2523 1.12071 1.02616 1.31713
6.455 -0.0220324 1.5612 0.423735 0.508398 1.26111 1.20248 0.986166 1.35006
6.46 0.0524706 1.37599 0.469637 0.544438 1.2137 1.25443 0.935111 1.32704
6.465 0.205844 1.14616 0.541232 0.577976 1.11668 1.2698 0.875932 1.25094
6.47 0.424973 0.903947 0.626401 0.607929 0.983458 1.24508 0.81204 1.13061
6.475 0.688375 0.680906 0.711613 0.634741 0.832374 1.18036 0.747056 0.979676
6.48 0.96766 0.503037 0.784299 0.66012 0.683984 1.07938 0.68454 0.814706
6.485 1.23056 0.387078 0.834986 0.68661 0.55797 0.94921 0.627771 0.653087
6.49 1.44594 0.338583 0.858791 0.717034 0.470164 0.799671 0.579571 0.510917
6.495 1.58595 0.351986 0.856012 0.753871 0.430215 0.642554 0.542224 0.401158
6.5 1.63115 0.412518 0.831739 0.798615 0.440278 0.490718 0.517444 0.332319
6.505 1.57924 0.499506 0.794601 0.851227 0.494942 0.357112 0.506384 0.30778
6.51 1.443 0.590415 0.754938 0.909761 0.582377 0.253741 0.509658 0.325826
6.515 1.24861 0.664896 0.72277 0.970273 0.686474 0.190625 0.527325 0.380316
6.52 1.03129 0.708163 0.705956 1.02707 0.789576 0.1748 0.558836 0.461864
6.525 0.82924 0.713215 0.708865 1.07331 0.875312 0.209443 0.602929 0.559331
6.53 0.676854 0.681603 0.731771 1.10193 0.931057 0.293229 0.657516 0.661392
6.535 0.598564 0.622727 0.771013 1.10675 0.949635 0.420058 0.719598 0.757973
6.54 0.604542 0.551853 0.819837 1.08356 0.930035 0.579274 0.785274 0.841366
6.545 0.689048 0.487249 0.869711 1.03105 0.877114 0.756436 0.849892 0.906898
6.55 0.831746 0.446911 0.911843 0.95141 0.800422 0.934658 0.908377 0.953098
6.555 1.00165 0.445422 0.938642 0.850285 0.712445 1.09641 0.955726 0.981391
6.56 1.16288 0.491415 0.944876 0.736338 0.626595 1.22559 0.987627 0.995391
6.565 1.28115 0.586029 0.928381 0.620222 0.555304 1.30953 1.00111 0.99996
6.57 1.32964 0.722569 0.890259 0.513239 0.508495 1.34072 0.995132 1.00016
6.575 1.29342 0.887402 0.834574 0.425867 0.492596 1.31784 0.970931 1.00027
6.58 1.17162 1.06195 0.767646 0.366399 0.510132 1.24598 0.932126 1.00307
6.585 0.977243 1.22544 0.697069 0.339903 0.559851 1.13588 0.884428 1.00935
6.59 0.734951 1.35795 0.630616 0.347675 0.637214 1.00234 0.834999 1.01786
6.595 0.477381 1.44335 0.57518 0.387243 0.735116 0.862048 0.791523 1.02557
6.6 0.240669 1.47155 0.535897 0.452887 0.844667 0.731084 0.761103 1.02821
6.605 0.0599324 1.43977 0.51556 0.536579 0.955941 0.622628 0.749155 1.02107
6.61 -0.0348015 1.35272 0.514388 0.629158 1.05866 0.545201 0.758471 0.99988
6.615 -0.0218924 1.22161 0.530192 0.721563 1.14284 0.501752 0.788625 0.961591
6.62 0.109503 1.06221 0.558892 0.805936 1.19937 0.48973 0.835831 0.905128
6.625 0.357909 0.892445 0.595313 0.876462 1.22073 0.502107 0.893302 0.831812
6.63 0.708905 0.729832 0.634145 0.929848 1.20166 0.529119 0.952093 0.745502
6.635 1.13545 0.589259 0.67088 0.965426 1.1399 0.560409 1.0023 0.652374
6.64 1.59932 0.481412 0.702588 0.984876 1.03681 0.587137 1.03448 0.560354
6.645 2.05383 0.412029 0.72835 0.991655 0.897764 0.603672 1.04101 0.478242
6.65 2.448 0.381989 0.749273 0.990197 0.732214 0.608576 1.01734 0.414644
6.655 2.73197 0.38808 0.768044 0.985 0.553206 0.604701 0.962729 0.37683
6.66 2.86345 0.424184 0.788096 0.979734 0.376408 0.598427 0.88053 0.369681
6.665 2.81418 0.482602 0.812544 0.976468 0.218635 0.598192 0.777919 0.394912
6.67 2.5757 0.555261 0.843106 0.975162 0.0960291 0.61263 0.665067 0.450675
6.675 2.16306 0.634627 0.879255 0.973504 0.0221399 0.648642 0.553919 0.531683
6.68 1.61549 0.714269 0.917822 0.967171 0.00616544 0.709778 0.45674 0.629832
6.685 0.993576 0.78911 0.953208 0.950513 0.0516493 0.795199 0.384618 0.735278
6.69 0.372708 0.855442 0.978211 0.917598 0.155851 0.899401 0.346144 0.837812
6.695 -0.166476 0.910829 0.985396 0.863488 0.309913 1.01274 0.346423 0.928311
6.7 -0.549294 0.953963 0.968753 0.785543 0.499832 1.12268 0.386541 1.00002
6.705 -0.718195 0.984517 0.925336 0.684511 0.708078 1.21551 0.463523 1.04947
6.71 -0.641976 1.00297 0.856529 0.56518 0.915653 1.27837 0.570755 1.07674
6.715 -0.321388 1.01038 0.768619 0.4364 1.10425 1.30113 0.698791 1.08523
6.72 0.209987 1.00807 0.672467 0.310388 1.25824 1.27796 0.836404 1.08071
6.725 0.889874 0.997215 0.582233 0.201354 1.36615 1.20838 0.971749 1.07
6.73 1.6359 0.978504 0.513275 0.123603 1.42161 1.09749 1.09349 1.05948
6.735 2.35723 0.951848 0.479545 0.0894035 1.42348 0.95559 1.19181 1.05367
6.74 2.96743 0.916372 0.490889 0.106961 1.37548 0.796983 1.25912 1.05423
6.745 3.39636 0.870718 0.550782 0.17886 1.28524 0.638333 1.29063 1.05949
6.75 3.59933 0.813679 0.654913 0.30126 1.16315 0.496645 1.28454 1.06472
6.755 3.56211 0.745049 0.790992 0.464033 1.02109 0.387192 1.24206 1.063
6.76 3.30129 0.666481 0.939908 0.651855 0.871296 0.321624 1.16715 1.04663
6.765 2.86022 0.582099 1.07816 0.846118 0.725396 0.30651 1.06609 1.00873
6.77 2.30146 0.498604 1.18126 1.02736 0.593709 0.342498 0.946953 0.944837
6.775 1.69716 0.424731 1.22759 1.17786 0.484768 0.424205 0.818899 0.854096
6.78 1.11912 0.370058 1.20208 1.28395 0.404987 0.540854 0.691421 0.739939
6.785 0.629783 0.343347 1.0992 1.33771 0.358446 0.677589 0.573598 0.610018
6.79 0.275572 0.350749 0.92457 1.33781 0.346723 0.817298 0.473371 0.475438
6.795 0.0829993 0.394322 0.694975 1.28937 0.368794 0.942725 0.396939 0.349398
6.8 0.0577621 0.471226 0.436679 1.20283 0.421037 1.03859 0.348331 0.245439
6.805 0.186459 0.573901 0.18219 1.09219 0.497397 1.09344 0.329197 0.175578
6.81 0.440299 0.691254 -0.0340565 0.972778 0.589783 1.10107 0.338849 0.148626
6.815 0.780037 0.810667 -0.180478 0.858967 0.68873 1.06119 0.374527 0.168927
6.82 1.1614 0.920386 -0.232893 0.762213 0.784299 0.979406 0.431858 0.235724
6.825 1.54034 1.01175 -0.17814 0.689672 0.867143 0.866472 0.505422 0.34323
6.83 1.87772 1.08067 -0.0162359 0.643587 0.929606 0.736883 0.589343 0.481386
6.835 2.143 1.12805 0.239268 0.621494 0.966662 0.607049 0.677811 0.637182
6.84 2.31685 1.15884 0.562779 0.617164 0.976564 0.493264 0.765478 0.79634
6.845 2.39241 1.18006 0.919795 0.622086 0.96103 0.409726 0.847707 0.945103
6.85 2.37525 1.19821 1.27122 0.627232 0.924939 0.366855 0.920665 1.07187
6.855 2.28194 1.21668 1.57824 0.624789 0.87555 0.370105 0.981322 1.16845
6.86 2.13727 1.23395 1.80712 0.609601 0.821351 0.419406 1.02741 1.23075
6.865 1.97049 1.24304 1.93318 0.580079 0.770747 0.509283 1.0574 1.25886
6.87 1.81084 1.23259 1.94364 0.538471 0.73079 0.629616 1.07055 1.25652
6.875 1.68296 1.18939 1.83873 0.490465 0.706175 0.76693 1.067 1.23011
6.88 1.60296 1.10182 1.63132 0.444203 0.698669 0.906038 1.04787 1.18734
6.885 1.57573 0.963649 1.34494 0.408908 0.707063 1.03182 1.01544 1.13589
6.89 1.59406 0.777091 1.01069 0.393323 0.727625 1.13092 0.973052 1.08221
6.895 1.63989 0.554421 0.663411 0.40424 0.75497 1.19318 0.92497 1.03065
6.9 1.68762 0.317639 0.337751 0.445327 0.783148 1.21256 0.876002 0.983087
6.905 1.70891 0.0960123 0.0644314 0.516437 0.806741 1.18765 0.830934 0.93908
6.91 1.67841 -0.0781714 -0.132708 0.613477 0.821766 1.12154 0.793872 0.896414
6.915 1.57902 -0.174931 -0.238711 0.728845 0.826212 1.02122 0.767599 0.852004
6.92 1.40612 -0.172033 -0.248389 0.852337 0.820137 0.89667 0.753067 0.802909
6.925 1.16947 -0.0595066 -0.166126 0.972394 0.805326 0.759681 0.749168 0.747281
6.93 0.892665 0.157652 -0.00471562 1.07748 0.784623 0.622645 0.75285 0.685075
6.935 0.609874 0.459156 0.216511 1.15739 0.7611 0.497448 0.759589 0.618386
6.94 0.360563 0.811645 0.474031 1.20441 0.737264 0.394545 0.76419 0.551362
6.945 0.182987 1.1731 0.742634 1.21405 0.714486 0.322292 0.761755 0.489719
6.95 0.107693 1.49878 0.997858 1.1854 0.692787 0.286518 0.74868 0.439938
6.955 0.152165 1.74772 1.21812 1.12114 0.671029 0.290303 0.723475 0.408287
6.96 0.317631 1.88867 1.38637 1.02709 0.64747 0.333907 0.687265 0.399831
6.965 0.588571 1.90472 1.49127 0.911547 0.620538 0.414798 0.643835 0.417583
6.97 0.935019 1.79564 1.52765 0.784414 0.589657 0.527743 0.599225 0.461936
6.975 1.3172 1.5779 1.49651 0.656237 0.555896 0.664982 0.560886 0.530446
6.98 1.69163 1.28225 1.40446 0.537293 0.522278 0.816514 0.53656 0.618012
6.985 2.01759 0.9493 1.26269 0.436749 0.493639 0.970566 0.533038 0.71741
6.99 2.26281 0.623854 1.08573 0.361998 0.47602 1.11428 0.55501 0.820106
6.995 2.40749 0.348812 0.889953 0.318175 0.475692 1.23468 0.604187 0.917241
7 2.44595 0.159495 0.692106 0.307901 0.497973 1.31979 0.678835 1.00063
7.005 2.38605 0.0791642 0.507926 0.33122 0.546081 1.35999 0.773798 1.06369
7.01 2.24639 0.116307 0.350951 0.385737 0.620235 1.34923 0.881 1.10205
7.015 2.05224 0.263962 0.231627 0.466901 0.717196 1.28609 0.99035 1.114
7.02 1.83101 0.501111 0.156729 0.568409 0.830351 1.17445 1.09092 1.10042
7.025 1.608 0.79586 0.129119 0.682672 0.950337 1.02349 1.17221 1.06452
7.03 1.40337 1.10994 0.147796 0.801323 1.06611 0.847078 1.22538 1.01123
7.035 1.23047 1.40385 0.208216 0.915721 1.16628 0.662544 1.24419 0.946432
7.04 1.09584 1.64204 0.302812 1.01745 1.24049 0.488803 1.22569 0.876175
7.045 1.0003 1.79731 0.421674 1.0988 1.28063 0.344217 1.17043 0.805929
7.05 0.940935 1.85401 0.55335 1.15324 1.28173 0.244364 1.08233 0.740062
7.055 0.913085 1.80963 0.685739 1.17591 1.24242 0.20007 0.968184 0.681559
7.06 0.91204 1.67451 0.807047 1.164 1.16492 0.215951 0.836931 0.632033
7.065 0.933943 1.47001 0.906784 1.11722 1.05468 0.289714 0.698721 0.591978
7.07 0.975877 1.22517 0.976731 1.03801 0.919717 0.412302 0.563993 0.561211
7.075 1.03525 0.972542 1.01182 0.931658 0.769822 0.568904 0.442591 0.53938
7.08 1.10884 0.743782 1.01081 0.80616 0.615714 0.740694 0.343023 0.526431
7.085 1.19187 0.565473 0.976607 0.671734 0.468247 0.907093 0.271901 0.522926
7.09 1.2776 0.455904 0.916213 0.540041 0.337713 1.04826 0.233589 0.530131
7.095 1.35743 0.423104 0.840066 0.423096 0.233227 1.14749 0.230046 0.549851
7.1 1.4219 0.464402 0.760914 0.332005 0.16221 1.19328 0.260849 0.58403
7.105 1.462 0.567494 0.692216 0.275655 0.129919 1.18066 0.323359 0.63417
7.11 1.47088 0.712799 0.64626 0.259561 0.139063 1.11187 0.413005 0.700693
7.115 1.44521 0.876738 0.632266 0.285055 0.1895 0.996002 0.523656 0.782354
7.12 1.38608 1.0354 0.654771 0.348982 0.278091 0.847933 0.648051 0.875829
7.125 1.29918 1.16808 0.712594 0.443984 0.398758 0.686466 0.778273 0.97559
7.13 1.19413 1.26012 0.798622 0.559364 0.5428 0.532022 0.906253 1.07412
7.135 1.08326 1.30471 0.900524 0.68244 0.699496 0.404125 1.02426 1.16249
7.14 0.979951 1.30335 1.00237 0.800177 0.856968 0.318983 1.1254 1.23126
7.145 0.897066 1.26499 1.08694 0.900869 1.00322 0.287486 1.20397 1.27157
7.15 0.845517 1.20396 1.13835 0.975594 1.12725 0.313867 1.2559 1.2764
7.155 0.83335 1.13704 1.1447 1.01923 1.2201 0.395202 1.27884 1.24159
7.16 0.865267 1.08025 1.10001 1.03087 1.27567 0.521823 1.27238 1.16677
7.165 0.942526 1.0458 1.0055 1.01363 1.29123 0.678587 1.23791 1.05575
7.17 1.06303 1.03977 0.869572 0.973821 1.26752 0.846845 1.17847 0.916455
7.175 1.22146 1.06096 0.706729 0.919817 1.2085 1.00684 1.09852 0.760296
7.18 1.40931 1.1011 0.535533 0.86063 1.12071 1.14021 1.00351 0.601047
7.185 1.6149 1.14643 0.375897 0.8046 1.01247 1.23229 0.899566 0.453342
7.19 1.82346 1.18038 0.246219 0.758313 0.892919 1.27381 0.793034 0.33099
7.195 2.01753 1.18695 0.160811 0.725928 0.77111 1.26194 0.690133 0.245347
7.2 2.17788 1.15405 0.128036 0.708955 0.655274 1.20036 0.596596 0.203968
7.205 2.28511 1.07631 0.149443 0.706461 0.552268 1.09851 0.517367 0.209745
7.21 2.32188 0.956729 0.219975 0.7156 0.467293 0.970161 0.456334 0.260648
7.215 2.27545 0.806748 0.329156 0.732313 0.403832 0.831401 0.416124 0.350113
7.22 2.14026 0.644801 0.463004 0.752072 0.363775 0.698512 0.397938 0.467986
7.225 1.91997 0.493425 0.606283 0.770507 0.347653 0.585905 0.401478 0.601887
7.23 1.62836 0.375482 0.744706 0.783876 0.3549 0.504449 0.42496 0.738766
7.235 1.28891 0.310162 0.866734 0.789324 0.384096 0.460369 0.465251 0.86641
7.24 0.932761 0.309502 0.964715 0.784985 0.43312 0.454832 0.518125 0.974705
7.245 0.595317 0.376086 1.03525 0.769969 0.499229 0.484198 0.578659 1.05648
7.25 0.311937 0.502377 1.07885 0.744309 0.579052 0.540864 0.641723 1.10785
7.255 0.113316 0.67182 1.09897 0.708923 0.668556 0.614529 0.702517 1.12818
7.26 0.0213215 0.861531 1.1008 0.665603 0.763034 0.693678 0.757098 1.11955
7.265 0.0459691 1.04607 1.0899 0.617028 0.857159 0.767091 0.802804 1.08611
7.27 0.18399 1.20159 1.07106 0.566746 0.945169 0.825181 0.838513 1.03331
7.275 0.419219 1.30965 1.04753 0.519068 1.02118 0.861025 0.864674 0.967216
7.28 0.724695 1.35993 1.02065 0.478829 1.07966 0.871004 0.883091 0.893952
7.285 1.06611 1.35144 0.990023 0.450992 1.11594 0.855017 0.896491 0.819359
7.29 1.40604 1.29205 0.953988 0.440105 1.12678 0.816288 0.907921 0.748801
7.295 1.7084 1.19657 0.910396 0.449686 1.11084 0.760821 0.920091 0.68707
7.3 1.94242 1.08366 0.857475 0.481616 1.06897 0.696589 0.934751 0.638321
7.305 2.08579 0.972362 0.794621 0.535676 1.00427 0.632555 0.952249 0.605952
7.31 2.12661 0.878899 0.723005 0.609303 0.921864 0.577627 0.971325 0.592422
7.315 2.06414 0.814209 0.645874 0.697659 0.828383 0.539657 0.98921 0.59899
7.32 1.90825 0.782724 0.568496 0.794022 0.731257 0.524563 1.00203 0.625442
7.325 1.67788 0.782453 0.497757 0.890464 0.637899 0.535668 1.00545 0.669877
7.33 1.39874 0.806242 0.441446 0.97872 0.554908 0.573315 0.995449 0.728628
7.335 1.10042 0.843839 0.40732 1.05113 0.487429 0.634787 0.969139 0.796406
7.34 0.813353 0.884298 0.402069 1.10151 0.438762 0.714554 0.925425 0.866673
7.345 0.56577 0.918207 0.430331 1.1258 0.410264 0.804825 0.865447 0.93225
7.35 0.38098 0.939334 0.493878 1.12242 0.401557 0.896348 0.792686 0.986098
7.355 0.275212 0.945431 0.591127 1.09235 0.410937 0.979387 0.712704 1.02215
7.36 0.256182 0.938145 0.717029 1.03882 0.435912 1.04477 0.632555 1.03608
7.365 0.322559 0.922152 0.863391 0.966782 0.473713 1.08488 0.559934 1.02591
7.37 0.464348 0.903799 1.01959 0.882271 0.521681 1.09456 0.502193 0.992308
7.375 0.664168 0.889561 1.17359 0.791657 0.577448 1.07166 0.46536 0.938535
7.38 0.899246 0.884676 1.31313 0.701021 0.638914 1.01736 0.453318 0.870074
7.385 1.14391 0.892191 1.4269 0.615641 0.704037 0.936086 0.467256 0.79393
7.39 1.37229 0.912572 1.50557 0.539662 0.770557 0.835115 0.505479 0.717741
7.395 1.56089 0.943896 1.54252 0.475957 0.835744 0.723824 0.563615 0.64881
7.4 1.69086 0.982511 1.53426 0.426147 0.896292 0.61276 0.635171 0.593203
7.405 1.74971 1.02399 1.48042 0.390756 0.94842 0.512576 0.71238 0.555049
7.41 1.73237 1.06413 1.38352 0.369444 0.988203 0.43297 0.787195 0.536123
7.415 1.64157 1.09984 1.24847 0.361288 1.01207 0.381741 0.852304 0.535765
7.42 1.48764 1.12961 1.08211 0.365075 1.01741 0.36405 0.902012 0.55115
7.425 1.28755 1.1537 0.892687 0.379569 1.00309 0.381964 0.932873 0.577822
7.43 1.06347 1.17375 0.689567 0.403739 0.969874 0.434317 0.943992 0.610428
7.435 0.84077 1.19212 0.482979 0.436924 0.920499 0.516871 0.936961 0.643526
7.44 0.645567 1.21105 0.283901 0.478892 0.859513 0.622758 0.915463 0.67234
7.445 0.501917 1.23166 0.103896 0.529784 0.792784 0.743129 0.884603 0.693377
7.45 0.428956 1.25329 -0.0451994 0.589915 0.726807 0.867948 0.850093 0.704822
7.455 0.438232 1.27304 -0.151826 0.659444 0.667908 0.986839 0.81739 0.706684
7.46 0.531659 1.28584 -0.205548 0.737936 0.621475 1.08991 0.790939 0.700685
7.465 0.700481 1.285 -0.198164 0.823889 0.591334 1.16852 0.773605 0.689948
7.47 0.925595 1.26328 -0.124943 0.914316 0.579357 1.2159 0.766364 0.678519
7.475 1.17938 1.21422 0.0141849 1.00449 0.585345 1.22765 0.768291 0.670803
7.48 1.42895 1.13363 0.213749 1.08799 0.607176 1.20206 0.776814 0.670977
7.485 1.64052 1.02091 0.462386 1.15705 0.641168 1.14025 0.788192 0.682435
7.49 1.78419 0.880043 0.743193 1.20332 0.682589 1.04615 0.798137 0.707324
7.495 1.83853 0.719823 1.03487 1.21896 0.726224 0.926293 0.80249 0.746194
7.5 1.79398 0.553455 1.31356 1.19785 0.766932 0.789435 0.79786 0.797808
7.505 1.65468 0.397293 1.55527 1.13691 0.800117 0.64596 0.782156 0.859136
7.51 1.43814 0.268946 1.73847 1.03707 0.822105 0.507165 0.754941 0.925533
7.515 1.17284 0.184961 1.84658 0.903887 0.830394 0.38438 0.717577 0.991121
7.52 0.894202 0.158435 1.86997 0.747475 0.823794 0.28802 0.673147 1.04935
7.525 0.639389 0.196927 1.80709 0.581761 0.802471 0.226619 0.626162 1.0937
7.53 0.442046 0.301021 1.66471 0.42307 0.76792 0.205955 0.582078 1.11844
7.535 0.327607 0.463795 1.457 0.288208 0.722876 0.228366 0.546674 1.11939
7.54 0.309981 0.671333 1.20379 0.192301 0.671162 0.292344 0.525354 1.09457
7.545 0.39001 0.904205 0.928151 0.146725 0.617492 0.392507 0.522444 1.04458
7.55 0.555795 1.13975 0.653747 0.157445 0.567197 0.519966 0.540574 0.972736
7.555 0.784709 1.3548 0.402225 0.224064 0.525875 0.663102 0.580213 0.884829
7.56 1.04664 1.52848 0.191133 0.339738 0.498952 0.808686 0.639447 0.78859
7.565 1.30796 1.64461 0.0325435 0.492002 0.491171 0.943233 0.714036 0.692854
7.57 1.53564 1.69351 -0.0674718 0.664389 0.506018 1.05444 0.797765 0.606583
7.575 1.70107 1.67287 -0.108528 0.838604 0.545152 1.13253 0.883079 0.537852
7.58 1.78321 1.58762 -0.094942 0.996906 0.607902 1.17135 0.961926 0.49295
7.585 1.77092 1.44896 -0.0343119 1.12434 0.690927 1.16908 1.02671 0.475706
7.59 1.66424 1.27268 0.0640359 1.21048 0.78813 1.12838 1.0712 0.487112
7.595 1.47458 1.07707 0.190465 1.25044 0.890918 1.05607 1.09136 0.525296
7.6 1.22379 0.880679 0.336091 1.24501 0.988843 0.962284 1.08579 0.585785
7.605 0.942106 0.700364 0.493375 1.20001 1.07062 0.859161 1.05589 0.662035
7.61 0.664929 0.549649 0.656223 1.12493 1.12546 0.759377 1.00566 0.746119
7.615 0.428791 0.437721 0.819692 1.03121 1.14451 0.674555 0.941031 0.829488
7.62 0.266737 0.369033 0.979439 0.930373 1.1223 0.613845 0.869077 0.903735
7.625 0.203708 0.343502 1.13112 0.832436 1.05788 0.582819 0.79698 0.961303
7.63 0.252583 0.357213 1.26988 0.74472 0.955391 0.582842 0.731075 0.996093
7.635 0.411539 0.403475 1.39012 0.671301 0.824045 0.610987 0.67606 1.00397
7.64 0.663345 0.47406 1.48559 0.613098 0.677307 0.660512 0.634501 0.983145
7.645 0.976895 0.560448 1.54979 0.568507 0.531391 0.721833 0.606703 0.934413
7.65 1.31097 0.654909 1.57671 0.53444 0.403246 0.783857 0.590952 0.861235
7.655 1.61978 0.751294 1.56165 0.507498 0.308302 0.835514 0.584089 0.769616
7.66 1.85957 0.84543 1.50213 0.485073 0.258331 0.867276 0.582278 0.667752
7.665 1.99508 0.935098 1.39872 0.466138 0.259751 0.872467 0.581858 0.565419
7.67 2.00502 1.01962 1.25553 0.451609 0.312662 0.848209 0.580125 0.473117
7.675 1.88544 1.09913 1.0804 0.4442 0.410781 0.795858 0.575905 0.401027
7.68 1.65048 1.17372 0.884705 0.447841 0.542274 0.72091 0.569837 0.357856
7.685 1.33034 1.24262 0.682663 0.466753 0.691363 0.632352 0.56431 0.349743
7.69 0.966906 1.30364 0.49024 0.504391 0.840444 0.541573 0.563082 0.379343
7.695 0.607643 1.35294 0.323737 0.562435 0.972367 0.460952 0.570622 0.445282
7.7 0.298891 1.3854 0.198155 0.640046 1.07255 0.402302 0.591296 0.542075
7.705 0.0795491 1.39538 0.125526 0.733522 1.13059 0.375356 0.628494 0.66058
7.71 -0.0238818 1.37788 0.113417 0.836427 1.14128 0.386492 0.683859 0.788965
7.715 -0.00027579 1.32984 0.163796 0.940209 1.10477 0.437826 0.756702 0.914089
7.72 0.145397 1.25128 0.272466 1.03519 1.02618 0.526813 0.843726 1.02311
7.725 0.393507 1.14599 0.429192 1.11179 0.914586 0.646381 0.939079 1.1051
7.73 0.712953 1.02166 0.618573 1.16184 0.781752 0.785613 1.03479 1.15245
7.735 1.06551 0.889116 0.821609 1.17965 0.640743 0.930881 1.1215 1.16181
7.74 1.41067 0.760996 1.0178 1.16286 0.504625 1.06733 1.18947 1.13445
7.745 1.71036 0.649824 1.18753 1.11273 0.38538 1.18053 1.22973 1.076
7.75 1.93301 0.566002 1.31437 1.03405 0.293084 1.25811 1.23519 0.995505
7.755 2.05662 0.516042 1.3871 0.934469 0.235339 1.29119 1.20167 0.904112
7.76 2.07069 0.501424 1.40088 0.823532 0.216928 1.27541 1.12866 0.813424
7.765 1.97676 0.51838 1.35776 0.711452 0.239648 1.21147 1.01961 0.733879
7.77 1.7878 0.558673 1.26607 0.607861 0.302281 1.10505 0.881882 0.673366
7.775 1.5264 0.611256 1.13908 0.520692 0.400695 0.966225 0.72621 0.636291
7.78 1.22202 0.664515 0.992932 0.455353 0.528097 0.808243 0.565679 0.623224
7.785 0.907614 0.708626 0.84438 0.41429 0.675447 0.646052 0.414457 0.631155
7.79 0.61588 0.737554 0.708494 0.396982 0.832061 0.494593 0.286305 0.654296
7.795 0.375656 0.750245 0.596855 0.400352 0.986376 0.367158 0.193115 0.685269
7.8 0.208793 0.750757 0.516409 0.419497 1.12684 0.274 0.143606 0.716468
7.805 0.127959 0.747268 0.469147 0.448633 1.24284 0.221384 0.142378 0.741365
7.81 0.135616 0.750165 0.452585 0.482094 1.32557 0.211174 0.189424 0.755532
7.815 0.224322 0.769584 0.460899 0.515233 1.36874 0.241005 0.280167 0.757235
7.82 0.378271 0.81294 0.486441 0.545106 1.36902 0.304967 0.406018 0.747518
7.825 0.575824 0.882941 0.521336 0.570821 1.32619 0.394672 0.555364 0.729786
7.83 0.792619 0.976534 0.55886 0.593513 1.24311 0.500531 0.714876 0.708991
7.835 1.00477 1.085 0.594377 0.615952 1.12526 0.613011 0.870934 0.690582
7.84 1.1917 1.1952 0.6257 0.641834 0.980344 0.723706 1.01102 0.679414
7.845 1.3382 1.29177 0.652903 0.674879 0.817649 0.826056 1.12488 0.67881
7.85 1.43554 1.35979 0.677673 0.717873 0.647494 0.915651 1.20535 0.689938
7.855 1.48155 1.38744 0.702413 0.771827 0.480676 0.990127 1.24873 0.711591
7.86 1.47986 1.3682 0.729318 0.835407 0.327954 1.04872 1.25478 0.740411
7.865 1.43849 1.30213 0.759632 0.904752 0.199553 1.09164 1.22632 0.771495
7.87 1.36813 1.19602 0.793233 0.973752 0.104627 1.11938 1.16855 0.79928
7.875 1.28047 1.06244 0.828631 1.03477 0.0506802 1.13218 1.0882 0.818551
7.88 1.18671 0.917899 0.863319 1.07973 0.0429284 1.12969 0.99279 0.825405
7.885 1.0964 0.780362 0.894396 1.10138 0.0836619 1.11099 0.889843 0.818013
7.89 1.0168 0.666654 0.919285 1.09454 0.171689 1.07488 0.786409 0.797048
7.895 0.952522 0.590091 0.936367 1.05717 0.301986 1.02037 0.688735 0.765716
7.9 0.905603 0.558706 0.945384 0.990906 0.465667 0.947324 0.602134 0.729365
7.905 0.875729 0.574306 0.947504 0.901098 0.650392 0.857082 0.530985 0.69472
7.91 0.8607 0.632435 0.94503 0.796263 0.841231 0.752871 0.478771 0.66885
7.915 0.856992 0.723194 0.940817 0.686977 1.02197 0.639973 0.448081 0.658011
7.92 0.860388 0.832748 0.937504 0.584451 1.17674 0.525537 0.440523 0.666534
7.925 0.86664 0.9453 0.936754 0.498997 1.29175 0.418061 0.456537 0.695933
7.93 0.87208 1.04523 0.938667 0.438652 1.35693 0.326586 0.495128 0.744378
7.935 0.87413 1.11912 0.94151 0.408211 1.36718 0.259717 0.553611 0.806656
7.94 0.871624 1.15747 0.941868 0.408801 1.3231 0.224593 0.62745 0.874644
7.945 0.8649 1.15583 0.935204 0.438074 1.23091 0.225966 0.710299 0.938278
7.95 0.855629 1.11523 0.91677 0.490914 1.10171 0.265509 0.794324 0.986904
7.955 0.846417 1.04197 0.882684 0.560522 0.950051 0.341447 0.870821 1.01084
7.96 0.840257 0.946672 0.830993 0.639605 0.792062 0.448571 0.931107 1.00291
7.965 0.839925 0.84275 0.762481 0.721454 0.643393 0.578635 0.967588 0.959757
7.97 0.84745 0.744582 0.681058 0.800685 0.517298 0.721086 0.974844 0.882653
7.975 0.863758 0.665515 0.593588 0.873543 0.423148 0.86404 0.950566 0.777714
7.98 0.888535 0.616057 0.509163 0.93775 0.365594 0.995405 0.896171 0.655406
7.985 0.920317 0.60248 0.437905 0.992028 0.344488 1.10401 0.816949 0.529394
7.99 0.956761 0.62605 0.389475 1.03545 0.355548 1.18067 0.721686 0.414867
7.995 0.994992 0.682987 0.371557 1.06684 0.391611 1.21897 0.621768 0.326562
