0 0 0 0 0 0 0 0.000134831 0.000134831
0.005 0 0 0 0 0 0 0.000398708 0.000398708
0.01 0 0 0 0 0 0 0.000780546 0.000780546
0.015 0 0 0 0 0 0 0.00126491 0.00126491
0.02 0 0 0 0 0 0 0.00183328 0.00183328
0.025 0 0 0 0 0 0 0.00246562 0.00246562
0.03 0 0 0 0 0 0 0.00314197 0.00314197
0.035 0 0 0 0 0 0 0.00384406 0.00384406
0.04 0 0 0 0 0 0 0.00455663 0.00455663
0.045 0 0 0 0 0 0 0.00526855 0.00526856
0.05 0 0 0 0 0 0 0.0059735 0.0059735
0.055 0 0 0 0 0 0 0.00667012 0.00667013
0.06 0 0 0 0 0 0 0.00736186 0.00736188
0.065 0 0 0 0 0 0 0.00805627 0.00805633
0.07 0 0 0 0 0 0 0.00876409 0.00876421
0.075 0 0 0 0 0 0 0.00949799 0.00949826
0.08 0 0 0 0 0 0 0.0102713 0.0102719
0.085 0 0 0 0 0 0 0.0110969 0.0110979
0.09 0 0 0 0 0 0 0.0119856 0.0119874
0.095 0 0 0 0 0 0 0.012946 0.0129491
0.1 0 0 0 0 0 0 0.0139833 0.0139886
0.105 0 0 0 0 0 0 0.0150997 0.0151084
0.11 0 0 0 0 0 0 0.016294 0.0163078
0.115 0 0 0 0 0 0 0.0175626 0.0175838
0.12 0 0 0 0 0 0 0.0188997 0.0189319
0.125 0 0 0 0 0 0 0.020299 0.0203466
0.13 0 0 0 0 0 0 0.0217537 0.0218225
0.135 0 0 0 0 0 0 0.023258 0.0233556
0.14 0 0 0 0 0 0 0.0248074 0.0249435
0.145 0 0 0 0 0 0 0.0263997 0.026586
0.15 0 0 0 0 0 0 0.0280347 0.0282856
0.155 0 0 0 0 0 0 0.0297141 0.030047
0.16 0 0 0 0 0 0 0.0314417 0.031877
0.165 0 0 0 0 0 0 0.0332225 0.0337839
0.17 0 0 0 0 0 0 0.0350619 0.0357766
0.175 0 0 0 0 0 0 0.0369654 0.037864
0.18 0 0 0 0 0 0 0.0389379 0.0400545
0.185 0 0 0 0 0 0 0.0409829 0.0423552
0.19 0 0 0 0 0 0 0.0431026 0.0447714
0.195 0 0 0 0 0 0 0.0452979 0.0473069
0.2 0 0 0 0 0 0 0.047568 0.0499638
0.205 0 0 0 0 0 0 0.0499116 0.052743
0.21 0 0 0 0 0 0 0.0523269 0.0556448
0.215 0 0 0 0 0 0 0.0548122 0.0586693
0.22 0 0 0 0 0 0 0.0573669 0.0618172
0.225 0 0 0 0 0 0 0.0599917 0.0650905
0.23 0 0 0 0 0 0 0.0626891 0.0684925
0.235 0 0 0 0 0 0 0.0654636 0.0720286
0.24 0 0 0 0 0 0 0.0683215 0.0757063
0.245 0 0 0 0 0 0 0.0712709 0.0795348
0.25 0 0 0 0 0 0 0.0743215 0.083525
0.255 0 0 0 0 0 0 0.0774835 0.087689
0.26 0 0 0 0 0 0 0.0807676 0.0920397
0.265 0 0 0 0 0 0 0.0841842 0.0965901
0.27 0 0 0 0 0 0 0.0877428 0.101353
0.275 0 0 0 0 0 0 0.0914521 0.106342
0.28 0 0 0 0 0 0 0.0953194 0.111567
0.285 0 0 0 0 0 0 0.0993507 0.11704
0.29 0 0 0 0 0 0 0.103551 0.122771
0.295 0 0 0 0 0 0 0.107923 0.128771
0.3 0 0 0 0 0 0 0.112472 0.135047
0.305 0 0 0 0 0 0 0.1172 0.141611
0.31 0 0 0 0 0 0 0.122111 0.148471
0.315 0 0 0 0 0 0 0.12721 0.155641
0.32 0 0 0 0 0 0 0.132503 0.163131
0.325 0 0 0 0 0 0 0.137996 0.170957
0.33 0 0 0 0 0 0 0.143698 0.179133
0.335 0 0 0 0 0 0 0.149621 0.187676
0.34 0 0 0 0 0 0 0.155774 0.196606
0.345 0 0 0 0 0 0 0.162172 0.205942
0.35 0 0 0 0 0 0 0.168828 0.215705
0.355 0 0 0 0 0 0 0.175756 0.225917
0.36 0 0 0 0 0 0 0.182971 0.2366
0.365 0 0 0 0 0 0 0.190485 0.247776
0.37 0 0 0 0 0 0 0.198314 0.259469
0.375 0 0 0 0 0 0 0.20647 0.271702
0.38 0 0 0 0 0 0 0.214967 0.284498
0.385 0 0 0 0 0 0 0.223817 0.29788
0.39 0 0 0 0 0 0 0.233033 0.311872
0.395 0 0 0 0 0 0 0.242629 0.326499
0.4 0 0 0 0 0 0 0.252616 0.341786
0.405 0 0 0 0 0 0 0.26301 0.35776
0.41 0 0 0 0 0 0 0.273825 0.374448
0.415 0 0 0 0 0 0 0.285076 0.39188
0.42 0 0 0 0 0 0 0.296782 0.410086
0.425 0 0 0 0 0 0 0.30896 0.428937
0.43 0 0 0 0 0 0 0.321631 0.448156
0.435 0 0 0 0 0 0 0.334817 0.467481
0.44 0 0 0 0 0 0 0.348541 0.486684
0.445 0 0 0 0 0 0 0.362828 0.505586
0.45 0 0 0 0 0 0 0.377703 0.524059
0.455 0 0 0 0 0 0 0.393122 0.542034
0.46 0 0 0 0 0 0 0.409041 0.559501
0.465 0 0 0 0 0 0 0.425341 0.576496
0.47 0 0 0 0 0 0 0.441849 0.593095
0.475 0 0 0 0 0 0 0.458408 0.609402
0.48 0 0 0 0 0 0 0.474873 0.625528
0.485 0 0 0 0 0 0 0.491078 0.641584
0.49 0 0 0 0 0 0 0.506896 0.657664
0.495 0 0 0 0 0 0 0.522247 0.673835
0.5 0 0 0 0 0 0 0.537092 0.690131
0.505 0 0 0 0 0 0 0.55144 0.706552
0.51 0 0 0 0 0 0 0.565334 0.723066
0.515 0 0 0 0 0 0 0.578845 0.739613
0.52 0 0 0 0 0 0 0.592062 0.756112
0.525 0 0 0 0 0 0 0.605082 0.772476
0.53 0 0 0 0 0 0 0.617996 0.788619
0.535 0 0 0 0 0 0 0.630881 0.804467
0.54 0 0 0 0 0 0 0.643793 0.819965
0.545 0 0 0 0 0 0 0.656763 0.835082
0.55 0 0 0 0 0 0 0.669793 0.849815
0.555 0 0 0 0 0 0 0.682858 0.864186
0.56 0 0 0 0 0 0 0.695914 0.878239
0.565 0 0 0 0 0 0 0.708895 0.892033
0.57 0 0 0 0 0 0 0.721731 0.905635
0.575 0 0 0 0 0 0 0.734345 0.919108
0.58 0 0 0 0 0 0 0.746671 0.932509
0.585 0 0 0 0 0 0 0.758653 0.945875
0.59 0 0 0 0 0 0 0.770252 0.959226
0.595 0 0 0 0 0 0 0.781453 0.972558
0.6 0 0 0 0 0 0 0.792259 0.985844
0.605 0 0 0 0 0 0 0.802694 0.999041
0.61 0 0 0 0 0 0 0.812798 1.01209
0.615 0 0 0 0 0 0 0.822623 1.02494
0.62 0 0 0 0 0 0 0.832227 1.03753
0.625 0 0 0 0 0 0 0.841666 1.04982
0.63 0 0 0 0 0 0 0.850991 1.06177
0.635 0 0 0 0 0 0 0.860242 1.07338
0.64 0 0 0 0 0 0 0.869442 1.08467
0.645 0 0 0 0 0 0 0.878603 1.09567
0.65 0 0 0 0 0 0 0.887718 1.10644
0.655 0 0 0 0 0 0 0.896769 1.11705
0.66 0 0 0 0 0 0 0.905729 1.12757
0.665 0 0 0 0 0 0 0.914567 1.13808
0.67 0 0 0 0 0 0 0.923252 1.14863
0.675 0 0 0 0 0 0 0.931765 1.15927
0.68 0 0 0 0 0 0 0.940094 1.17004
0.685 0 0 0 0 0 0 0.948247 1.18093
0.69 0 0 0 0 0 0 0.956247 1.19194
0.695 0 0 0 0 0 0 0.964139 1.20304
0.7 0 0 0 0 0 0 0.971981 1.21417
0.705 0 0 0 0 0 0 0.979847 1.2253
0.71 0 0 0 0 0 0 0.987818 1.23638
0.715 0 0 0 0 0 0 0.995977 1.24735
0.72 0 0 0 0 0 0 1.0044 1.25819
0.725 0 0 0 0 0 0 1.01316 1.26888
0.73 0 0 0 0 0 0 1.02231 1.27942
0.735 0 0 0 0 0 0 1.03187 1.28983
0.74 0 0 0 0 0 0 1.04185 1.30013
0.745 0 0 0 0 0 0 1.05223 1.31038
0.75 0 0 0 0 0 0 1.06296 1.32061
0.755 0 0 0 0 0 0 1.07396 1.33087
0.76 0 0 0 0 0 0 1.08515 1.34121
0.765 0 0 0 0 0 0 1.09642 1.35166
0.77 0 0 0 0 0 0 1.10765 1.36222
0.775 0 0 0 0 0 0 1.11872 1.37291
0.78 0 0 0 0 0 0 1.12952 1.3837
0.785 0 0 0 0 0 0 1.13995 1.39456
0.79 0 0 0 0 0 0.00404519 1.14993 1.40545
0.795 0 0 0 0 0 0.0109626 1.1594 1.41632
0.8 0 0 0 0 0 0.0203968 1.16833 1.42712
0.805 0 0 0 0 0 0.0317861 1.17674 1.43779
0.81 0 0 0 0 0 0.0444166 1.18466 1.44831
0.815 0 0 0 0 0 0.0574889 1.19215 1.45862
0.82 0 0 0 0 0 0.07019 1.19931 1.46873
0.825 0 0 0 0 0 0.0817648 1.20624 1.47863
0.83 0 0 0 0 0 0.091579 1.21307 1.48834
0.835 0 0 0 0 0 0.0991698 1.21993 1.49787
0.84 0 0 0 0 0 0.10428 1.22693 1.50727
0.845 0 0 0 0 0 0.10687 1.23418 1.51657
0.85 0 0 0 0 0 0.108904 1.24177 1.5258
0.855 0 0 0 0 0 0.111681 1.24976 1.53501
0.86 0 0 0 0 0 0.115281 1.25818 1.54422
0.865 0 0 0 0 0 0.12001 1.26703 1.55344
0.87 0 0 0 0 0 0.126098 1.27626 1.56267
0.875 0 0 0 0 0 0.133677 1.28582 1.57192
0.88 0 0 0 0 0 0.142757 1.29562 1.58117
0.885 0 0 0 0 0 0.153223 1.30555 1.59039
0.89 0 0 0 0 0 0.164834 1.31548 1.59956
0.895 0 0 0 0 0 0.177242 1.32532 1.60865
0.9 0 0 0 0 0 0.19002 1.33494 1.61764
0.905 0 0 0 0 0 0.202694 1.34427 1.6265
0.91 0 0 0 0 0 0.214793 1.35322 1.63523
0.915 0 0 0 0 0 0.225884 1.36177 1.64382
0.92 0 0 0 0 0 0.235614 1.36992 1.65227
0.925 0 0 0 0 0 0.243745 1.37769 1.6606
0.93 0 0 0 0 0 0.250193 1.38515 1.66884
0.935 0 0 0 0 0 0.255036 1.39238 1.677
0.94 0 0 0 0 0 0.258516 1.39948 1.68513
0.945 0 0 0 0 0 0.261017 1.40654 1.69324
0.95 0 0 0 0 0 0.263023 1.41367 1.70139
0.955 0 0 0 0 0 0.265062 1.42095 1.70958
0.96 0 0 0 0 0 0.267659 1.42844 1.71783
0.965 0 0 0 0 0 0.271237 1.43618 1.72616
0.97 0 0 0 0 0 0.276115 1.44416 1.73456
0.975 0 0 0 0 0 0.282477 1.45238 1.74302
0.98 0 0 0 0 0 0.290359 1.46079 1.75153
0.985 0 0 0 0 0 0.299648 1.46932 1.76007
0.99 0 0 0 0 0 0.310098 1.47789 1.76864
0.995 0 0 0 0 0 0.321359 1.48641 1.77721
1 0 0 0 0 0 0.333013 1.49479 1.78579
1.005 0 0 0 0 0 0.344611 1.50294 1.79439
1.01 0 0 0 0 0 0.35572 1.51078 1.80302
1.015 0 0 0 0 0 0.365956 1.51827 1.81172
1.02 0 0 0 0 0 0.375016 1.52537 1.82051
1.025 0 0 0 0 0 0.382705 1.5321 1.82945
1.03 0 0 0 0 0 0.388952 1.53851 1.83857
1.035 0 0 0 0 0 0.393811 1.54467 1.8479
1.04 0 0 0 0 0 0.397458 1.55071 1.85747
1.045 0 0 0 0 0 0.400179 1.55675 1.86729
1.05 0 0 0 0 0 0.402344 1.56294 1.87735
1.055 0 0 0 0 0 0.404359 1.56942 1.88763
1.06 0 0 0 0 0 0.406651 1.57629 1.89807
1.065 0 0 0 0 0 0.409633 1.58364 1.90862
1.07 0 0 0 0 0 0.413664 1.5915 1.91918
1.075 0 0 0 0 0 0.419014 1.59986 1.92966
1.08 0 0 0 0 0 0.425838 1.60865 1.93996
1.085 0 0 0 0 0 0.43416 1.6178 1.94999
1.09 0 0 0 0 0 0.44387 1.62717 1.95965
1.095 0 0 0 0 0 0.454736 1.63662 1.96886
1.1 0 0 0 0 0 0.46643 1.64603 1.97758
1.105 0 0 0 0 0 0.47856 1.65527 1.98578
1.11 0 0 0 0 0 0.490719 1.66422 1.99348
1.115 0 0 0 0 0 0.502523 1.67282 2.0007
1.12 0 0 0 0 0 0.513655 1.681 2.00751
1.125 0 0 0 0 0 0.523888 1.68874 2.01401
1.13 0 0 0 0 0 0.533091 1.69605 2.0203
1.135 0 0 0 0 0 0.54123 1.70296 2.0265
1.14 0 0 0 0 0 0.548362 1.70952 2.03272
1.145 0 0 0 0 0 0.554609 1.7158 2.03909
1.15 0 0 0 0 0 0.56013 1.72191 2.04569
1.155 0 0 0 0 0 0.565088 1.72795 2.05261
1.16 0 0 0 0 0 0.569621 1.73401 2.05991
1.165 0 0 0 0 0 0.573832 1.74021 2.06762
1.17 0 0 0 0 0 0.577786 1.74662 2.07576
1.175 0 0 0 0 0 0.581529 1.75331 2.08429
1.18 0 0 0 0 0 0.5851 1.76033 2.09319
1.185 0 0 0 0 0 0.588563 1.76767 2.10238
1.19 0 0 0 0 0 0.59202 1.77532 2.11178
1.195 0 0 0 0 0 0.595618 1.78323 2.12128
1.2 0 0 0 0 0 0.599543 1.79133 2.13077
1.205 0 0 0 0 0 0.603999 1.79955 2.14013
1.21 0 0 0 0 0 0.609176 1.8078 2.14925
1.215 0 0 0 0 0 0.615221 1.81601 2.15802
1.22 0 0 0 0 0 0.622199 1.8241 2.16634
1.225 0 0 0 0 0 0.630079 1.83203 2.17416
1.23 0 0 0 0 0 0.638725 1.83974 2.18143
1.235 0 0 0 0 0 0.647913 1.8472 2.18817
1.24 0 0 0 0 0 0.657353 1.85441 2.1944
1.245 0 0 0 0 0 0.666734 1.86137 2.20019
1.25 0 0 0 0 0 0.675758 1.8681 2.20567
1.255 0 0 0 0 0 0.684186 1.87464 2.21095
1.26 0 0 0 0 0 0.691856 1.88104 2.2162
1.265 0 0 0 0 0 0.698703 1.88736 2.22159
1.27 0 0 0 0 0 0.70475 1.89368 2.22728
1.275 0 0 0 0 0 0.710094 1.90006 2.23341
1.28 0 0 0 0 0 0.714882 1.90653 2.24013
1.285 0 0 0 0 0 0.719277 1.91314 2.24753
1.29 0 0 0 0 0 0.723442 1.91989 2.25565
1.295 0 0 0 0 0 0.727514 1.92678 2.2645
1.3 0 0 0 0 0 0.731603 1.9338 2.27401
1.305 0 0 0 0 0 0.735789 1.94091 2.28411
1.31 0 0 0 0 0 0.740131 1.94811 2.29462
1.315 0 0 0 0 0 0.74468 1.95539 2.30538
1.32 0 0 0 0 0 0.749488 1.96276 2.3162
1.325 0 0 0 0 0 0.754613 1.97026 2.32685
1.33 0 0 0 0 0 0.760121 1.97791 2.33716
1.335 0 0 0 0 0 0.766079 1.98576 2.34696
1.34 0 0 0 0 0 0.772542 1.99382 2.35612
1.345 0 0 0 0 0 0.779547 2.00209 2.36456
1.35 0 0 0 0 0 0.787099 2.01057 2.37226
1.355 0 0 0 0 0 0.795165 2.01919 2.37926
1.36 0 0 0 0 0 0.803671 2.0279 2.38564
1.365 0 0 0 0 0 0.81251 2.0366 2.39152
1.37 0 0 0 0 0 0.821548 2.04523 2.39705
1.375 0 0 0 0 0 0.83063 2.0537 2.40241
1.38 0 0 0 0 0 0.839594 2.06194 2.40776
1.385 0 0 0 0 0 0.848277 2.06991 2.41326
1.39 0 0 0 0 0 0.856519 2.07754 2.41903
1.395 0 0 0 0 0 0.86417 2.08481 2.42515
1.4 0 0 0 0 0 0.871094 2.0917 2.43169
1.405 0 0 0 0 0 0.877176 2.09817 2.43863
1.41 0 0 0 0 0 0.882332 2.10424 2.44595
1.415 0 0 0 0 0 0.886526 2.10992 2.45359
1.42 0 0 0 0 0 0.88979 2.11525 2.46145
1.425 0 0 0 0 0 0.892236 2.12032 2.46946
1.43 0 0 0 0 0 0.894071 2.12525 2.47751
1.435 0 0 0 0 0 0.8956 2.13018 2.48554
1.44 0 0 0 0 0 0.89721 2.13527 2.49348
1.445 0 0 0 0 0 0.899342 2.14066 2.50131
1.45 0 0 0 0 0 0.902443 2.14647 2.50902
1.455 0 0 0 0 0 0.906906 2.15278 2.51662
1.46 0 0 0 0 0 0.913011 2.1596 2.52416
1.465 0 0 0 0 0 0.920869 2.16688 2.53168
1.47 0 0 0 0 0 0.930377 2.17452 2.53923
1.475 0 0 0 0 0 0.941214 2.18238 2.54685
1.48 0 0 0 0 0 0.952855 2.19034 2.55458
1.485 0 0 0 0 0 0.964628 2.19826 2.56243
1.49 0 0 0 0 0 0.975795 2.20606 2.57037
1.495 0 0 0 0 0 0.985654 2.21368 2.57839
1.5 0 0 0 0 0 0.993638 2.22114 2.58642
1.505 0 0 0 0 0 0.999405 2.22846 2.5944
1.51 0 0 0 0 0 1.0029 2.23569 2.60225
1.515 0 0 0 0 0 1.00436 2.24287 2.60989
1.52 0 0 0 0 0 1.00432 2.25002 2.61725
1.525 0 0 0 0 0 1.0035 2.25716 2.62427
1.53 0 0 0 0 0 1.00274 2.26425 2.63092
1.535 0 0 0 0 0 1.00286 2.27125 2.63719
1.54 0 0 0 0 0 1.00456 2.27811 2.64309
1.545 0 0 0 0 0 1.00833 2.28481 2.64867
1.55 0 0 0 0 0 1.01436 2.29131 2.65401
1.555 0 0 0 0 0 1.02257 2.29761 2.6592
1.56 0 0 0 0 0 1.03257 2.30375 2.66436
1.565 0 0 0 0 0 1.04378 2.30975 2.66961
1.57 0 0 0 0 0 1.05548 2.31566 2.67507
1.575 0 0 0 0 0 1.06694 2.3215 2.68087
1.58 0 0 0 0 0 1.07747 2.32731 2.6871
1.585 0 0 0 0 0 1.08653 2.3331 2.69385
1.59 0 0 0 0 0 1.09378 2.33889 2.70115
1.595 0 0 0 0 0 1.09911 2.34471 2.70901
1.6 0 0 0 0 0 1.10264 2.35059 2.7174
1.605 0 0 0 0 0 1.10471 2.35659 2.72626
1.61 0 0 0 0 0 1.10583 2.36279 2.73548
1.615 0 0 0 0 0 1.1066 2.36925 2.74494
1.62 0 0 0 0 0 1.1077 2.37605 2.75451
1.625 0 0 0 0 0 1.10979 2.38321 2.76407
1.63 0 0 0 0 0 1.11343 2.39072 2.77348
1.635 0 0 0 0 0 1.11902 2.39853 2.78263
1.64 0 0 0 0 0 1.12677 2.40654 2.79145
1.645 0 0 0 0 0 1.13662 2.4146 2.79987
1.65 0 0 0 0 0 1.14827 2.42255 2.80784
1.655 0 0 0 0 0 1.16115 2.43027 2.81534
1.66 0 0 0 0 0.00154722 1.17454 2.43765 2.82237
1.665 0 0 0 0 0.00553799 1.1876 2.44463 2.82892
1.67 0 0 0 0 0.0115138 1.19948 2.45124 2.83501
1.675 0 0 0 0 0.0191676 1.20946 2.45753 2.84064
1.68 0 0 0 0 0.0281035 1.21703 2.46363 2.84586
1.685 0 0 0 0 0.0378628 1.22198 2.46966 2.85071
1.69 0 0 0 0 0.0479512 1.22442 2.47574 2.85526
1.695 0 0 0 0 0.0578688 1.22478 2.48195 2.8596
1.7 0 0 0 0 0.0671399 1.22374 2.48836 2.86384
1.705 0 0 0 0 0.0753434 1.22212 2.49495 2.86809
1.71 0 0 0 0 0.0821405 1.2208 2.50167 2.87248
1.715 0 0 0 0 0.0872981 1.22053 2.50846 2.87713
1.72 0 0 0 0 0.0907053 1.22189 2.51519 2.88215
1.725 0 0 0 0 0.0939702 1.22519 2.52178 2.88763
1.73 0 0 0 0 0.0965921 1.23046 2.52815 2.89361
1.735 0 0 0 0 0.100095 1.23746 2.53423 2.90013
1.74 0 0 0 0 0.104283 1.24578 2.54002 2.90716
1.745 0 0 0 0 0.109163 1.25491 2.54553 2.91467
1.75 0 0 0 0 0.114683 1.26433 2.5508 2.92259
1.755 0 0 0 0 0.120737 1.27358 2.5559 2.93084
1.76 0 0 0 0 0.127173 1.28235 2.56092 2.9393
1.765 0 0 0 0 0.133799 1.29047 2.56595 2.94787
1.77 0 0 0 0 0.140397 1.29788 2.57109 2.95643
1.775 0 0 0 0 0.146833 1.30467 2.57642 2.96488
1.78 0 0 0 0 0.153044 1.31094 2.58204 2.97309
1.785 0 0 0 0 0.159037 1.31681 2.588 2.98099
1.79 0 0 0 0 0.164862 1.32238 2.59436 2.9885
1.795 0 0 0 0 0.170588 1.32771 2.60112 2.99557
1.8 0 0 0 0 0.176285 1.33283 2.60829 3.0022
1.805 0 0 0 0 0.182 1.33774 2.61582 3.0084
1.81 0 0 0 0 0.187747 1.34245 2.62365 3.01426
1.815 0 0 0 0 0.193514 1.34699 2.6317 3.01986
1.82 0 0 0 0 0.199258 1.35142 2.63989 3.02533
1.825 0 0 0 0 0.204928 1.35586 2.64813 3.03079
1.83 0 0 0 0 0.210472 1.36042 2.65633 3.03637
1.835 0 0 0 0 0.215856 1.36523 2.66442 3.04218
1.84 0 0 0 0 0.221073 1.37038 2.67236 3.04829
1.845 0 0 0 0 0.226146 1.37592 2.68009 3.05475
1.85 0 0 0 0 0.23113 1.38186 2.68759 3.06153
1.855 0 0 0 0 0.236103 1.38815 2.69481 3.06861
1.86 0 0 0 0 0.24116 1.39471 2.70173 3.07591
1.865 0 0 0 0 0.246397 1.40143 2.70831 3.08332
1.87 0 0 0 0 0.251928 1.40822 2.7145 3.09074
1.875 0 0 0 0 0.257894 1.41499 2.72027 3.09805
1.88 0 0 0 0 0.264431 1.42169 2.72562 3.10517
1.885 0 0 0 0 0.271643 1.42825 2.73053 3.112
1.89 0 0 0 0 0.279592 1.43463 2.73505 3.11849
1.895 0 0 0 0 0.288292 1.4408 2.73924 3.1246
1.9 0 0 0 0 0.2977 1.4467 2.7432 3.13033
1.905 0 0 0 0 0.307713 1.45227 2.74706 3.1357
1.91 0 0 0 0 0.318177 1.45747 2.75095 3.14077
1.915 0 0 0 0 0.328899 1.46227 2.75503 3.14561
1.92 0 0 0 0 0.339664 1.46671 2.75941 3.15033
1.925 0 0 0 0 0.350261 1.47089 2.76419 3.15505
1.93 0 0 0 0 0.360504 1.47495 2.76942 3.15991
1.935 0 0 0 0 0.37025 1.47913 2.77513 3.16504
1.94 0 0 0 0 0.379408 1.48368 2.78128 3.17054
1.945 0 0 0 0 0.387942 1.48882 2.7878 3.17651
1.95 0 0 0 0 0.395866 1.49473 2.79461 3.18299
1.955 0 0 0 0 0.403229 1.50149 2.80159 3.19002
1.96 0 0 0 0 0.410078 1.50904 2.80865 3.19755
1.965 0 0 0 0 0.416434 1.5172 2.81569 3.20552
1.97 0 0 0 0 0.422303 1.52565 2.82264 3.21385
1.975 0 0 0 0 0.427688 1.53403 2.82949 3.22242
1.98 0 0 0 0 0.432591 1.54198 2.83623 3.23111
1.985 0 0 0 0 0.437025 1.54917 2.84292 3.23979
1.99 0 0 0 0 0.441024 1.55543 2.84963 3.24837
1.995 0 0 0 0 0.444657 1.56071 2.85646 3.25674
2 0 0 0 0 0.448036 1.56515 2.86349 3.26484
2.005 0 0 0 0 0.451318 1.56899 2.87081 3.2726
2.01 0 0 0 0 0.454694 1.57259 2.87844 3.27999
2.015 0 0 0 0 0.458377 1.57631 2.88638 3.28698
2.02 0 0 0 0 0.462567 1.58046 2.89455 3.29358
2.025 0 0 0 0 0.467428 1.58523 2.9028 3.29978
2.03 0 0 0 0 0.473059 1.59068 2.91097 3.30563
2.035 0 0 0 0 0.479469 1.59671 2.91884 3.31114
2.04 0 0 0 0 0.486573 1.60308 2.92619 3.31637
2.045 0 0 0 0 0.494195 1.60949 2.93285 3.32136
2.05 0 0 0 0 0.502086 1.61564 2.93868 3.32616
2.055 0 0 0 0 0.509956 1.62125 2.94365 3.33082
2.06 0 0 0 0 0.517506 1.62616 2.94781 3.33538
2.065 0 0 0 0 0.524472 1.63035 2.95132 3.33987
2.07 0 0 0 0 0.530661 1.63393 2.95439 3.34434
2.075 0 0 0 0 0.535981 1.63714 2.95732 3.34882
2.08 0 0 0 0 0.540446 1.64029 2.9604 3.35334
2.085 0 0 0 0 0.54418 1.64372 2.9639 3.35796
2.09 0 0 0 0 0.547395 1.64775 2.96804 3.36275
2.095 0 0 0 0 0.550366 1.65264 2.97294 3.36778
2.1 0 0 0 0 0.553396 1.65855 2.97865 3.37313
2.105 0 0 0 0 0.55678 1.6655 2.98509 3.37887
2.11 0 0 0 0 0.560777 1.67344 2.99213 3.38509
2.115 0 0 0 0 0.56558 1.68218 2.99956 3.39181
2.12 0 0 0 0 0.571304 1.69145 3.00714 3.39904
2.125 0 0 0 0 0.577979 1.70091 3.01465 3.40676
2.13 0 0 0 0 0.585553 1.71017 3.02189 3.4149
2.135 0 0 0 0 0.593901 1.71886 3.02871 3.42335
2.14 0 0 0 0 0.602842 1.7266 3.03502 3.43198
2.145 0 0 0 0 0.612155 1.73309 3.04082 3.44066
2.15 0 0 0 0 0.621592 1.73813 3.04615 3.44923
2.155 0 0 0 0 0.630899 1.74164 3.05109 3.45756
2.16 0 0 0 0 0.639825 1.74373 3.0558 3.46551
2.165 0 0 0 0 0.648138 1.74469 3.06042 3.47299
2.17 0 0 0 0 0.655637 1.74497 3.06512 3.47992
2.175 0 0 0 0 0.662166 1.74513 3.07007 3.48624
2.18 0 0 0 0 0.667624 1.74583 3.07542 3.49192
2.185 0 0 0 0 0.671981 1.7477 3.08128 3.49697
2.19 0 0 0 0 0.675284 1.75126 3.08773 3.50143
2.195 0 0 0 0 0.677659 1.75684 3.09479 3.50536
2.2 0 0 0 0 0.679305 1.76453 3.10244 3.50886
2.205 0 0 0 0 0.680483 1.77412 3.11059 3.51208
2.21 0 0 0 0 0.681487 1.78516 3.1191 3.51517
2.215 0 0 0 0 0.682618 1.79695 3.12779 3.51834
2.22 0 0 0 0 0.684152 1.8087 3.13643 3.52179
2.225 0 0 0 0 0.686312 1.8196 3.14481 3.52571
2.23 0 0 0 0 0.689245 1.82892 3.15272 3.53029
2.235 0 0 0 0 0.693016 1.83616 3.15998 3.53564
2.24 0 0 0 0 0.697608 1.84107 3.16647 3.54186
2.245 0 0 0 0 0.702941 1.84372 3.17212 3.54895
2.25 0 0 0 0 0.708893 1.84445 3.17696 3.55687
2.255 0 0 0 0 0.715325 1.84384 3.18107 3.5655
2.26 0 0 0 0 0.722105 1.84263 3.18457 3.57466
2.265 0 0 0 0 0.729123 1.8416 3.18767 3.58415
2.27 0 0 0 0 0.736293 1.8415 3.19056 3.59373
2.275 0 0 0 0 0.743551 1.84296 3.19348 3.60316
2.28 0 0 0 0 0.750839 1.84641 3.19663 3.61221
2.285 0 0 0 0 0.758094 1.85205 3.2002 3.62069
2.29 0 0 0 0 0.765236 1.85988 3.20436 3.62843
2.295 0 0 0 0 0.772168 1.86965 3.2092 3.63531
2.3 0 0 0 0 0.778785 1.88095 3.2148 3.64129
2.305 0 0 0 0 0.784989 1.89322 3.22114 3.64636
2.31 0 0 0 0 0.790712 1.90582 3.22818 3.65057
2.315 0 0 0 0 0.795937 1.91809 3.23577 3.65404
2.32 0 0 0 0 0.800707 1.92939 3.24374 3.65693
2.325 0 0 0 0 0.805125 1.93915 3.25186 3.65942
2.33 0 0 0 0 0.809334 1.94694 3.25986 3.66176
2.335 0 0 0 0 0.813494 1.95247 3.2675 3.66418
2.34 0 0 0 0 0.81774 1.95569 3.27453 3.66692
2.345 0 0 0 0 0.822151 1.95672 3.28079 3.67017
2.35 0 0 0 0 0.826728 1.95592 3.28618 3.67413
2.355 0 0 0 0 0.831384 1.95381 3.29072 3.6789
2.36 0 0 0 0 0.835968 1.95108 3.29453 3.68454
2.365 0 0 0 0 0.84029 1.94848 3.29784 3.69105
2.37 0 0 0 0 0.844174 1.94678 3.30095 3.69836
2.375 0 0 0 0 0.847507 1.94665 3.3042 3.70634
2.38 0 0 0 0 0.850278 1.94862 3.30793 3.71484
2.385 0 0 0 0 0.852603 1.95301 3.31244 3.72365
2.39 0 0 0 0 0.854719 1.95989 3.31793 3.73259
2.395 0 0 0 0 0.856959 1.96906 3.32447 3.74146
2.4 0 0 0 0 0.859703 1.98009 3.33204 3.75008
2.405 0 0 0 0 0.863313 1.99238 3.34045 3.7583
2.41 0 0 0 0 0.868076 2.0052 3.34943 3.76602
2.415 0 0 0 0 0.874151 2.01779 3.35866 3.77316
2.42 0 0 0 0 0.881542 2.02946 3.36777 3.77968
2.425 0 0 0 0 0.890097 2.03961 3.37643 3.78558
2.43 0 0 0 0 0.899526 2.04783 3.38439 3.7909
2.435 0 0 0 0 0.909447 2.0539 3.39148 3.7957
2.44 0 0 0 0 0.919438 2.05783 3.39763 3.80007
2.445 0 0 0 0 0.929092 2.0598 3.40289 3.80413
2.45 0 0 0 0 0.93806 2.06017 3.40741 3.80801
2.455 0 0 0 0 0.946081 2.05943 3.41136 3.81186
2.46 0 0 0 0 0.952997 2.05815 3.41498 3.81584
2.465 0 0 0 0 0.95875 2.05693 3.41849 3.82009
2.47 0 0 0 0 0.963364 2.05638 3.42207 3.82474
2.475 0 0 0 0 0.966932 2.05704 3.42584 3.82989
2.48 0 0 0 0 0.969593 2.05938 3.42987 3.83561
2.485 0 0 0 0 0.971522 2.0637 3.43418 3.84192
2.49 0 0 0 0 0.972919 2.07017 3.43872 3.84878
2.495 0 0 0 0 0.974009 2.07877 3.44344 3.8561
2.5 0 0 0 0 0.975039 2.08926 3.44826 3.86375
2.505 0 0 0 0 0.97627 2.10123 3.45313 3.87156
2.51 0 0 0 0 0.977964 2.11409 3.45803 3.87933
2.515 0 0 0 0 0.980365 2.12713 3.46299 3.88688
2.52 0 0 0 0 0.983675 2.13961 3.46806 3.89402
2.525 0 0 0 0 0.98802 2.15078 3.47333 3.90058
2.53 0 0 0 0 0.993435 2.16005 3.4789 3.90647
2.535 0 0 0 0 0.999845 2.16699 3.48488 3.91161
2.54 0 0 0 0 1.00707 2.17142 3.49133 3.91603
2.545 0 0 0 0 1.01484 2.17343 3.49829 3.91977
2.55 0 0 0 0 1.02284 2.17339 3.50572 3.92296
2.555 0 0 0 0 1.03073 2.17189 3.51355 3.92578
2.56 0 0 0 0 1.03822 2.16967 3.52161 3.92842
2.565 0 0 0 0 1.04509 2.16753 3.52972 3.9311
2.57 0 0 0 0 1.05119 2.16623 3.53767 3.93404
2.575 0 0 0 0 1.05651 2.1664 3.54522 3.93744
2.58 0 0 0 0 1.06113 2.16848 3.55218 3.94147
2.585 0 0 0 0 1.0652 2.17265 3.5584 3.94624
2.59 0 0 0 0 1.0689 2.17885 3.56378 3.95181
2.595 0 0 0 0 1.07243 2.18678 3.5683 3.95816
2.6 0 0 0 0 1.07595 2.196 3.57203 3.96523
2.605 0 0 0 0 1.07959 2.20594 3.57511 3.97289
2.61 0 0 0 0 1.08343 2.21601 3.57772 3.98098
2.615 0 0 0 0 1.08751 2.2257 3.58012 3.98933
2.62 0 0 0 0 1.09185 2.23456 3.58256 3.99774
2.625 0 0 0 0 1.09644 2.24233 3.58529 4.00606
2.63 0 0 0 0.00323362 1.10129 2.24888 3.58853 4.01414
2.635 0 0 0 0.00882516 1.10642 2.25426 3.59245 4.02188
2.64 0 0 0 0.0165069 1.11185 2.25862 3.59715 4.02924
2.645 0 0 0 0.0258482 1.11761 2.26223 3.60268 4.03618
2.65 0 0 0 0.0362906 1.12367 2.2654 3.60901 4.04271
2.655 0 0 0 0.0471946 1.13001 2.26843 3.61608 4.04888
2.66 0 0 0 0.0578957 1.13654 2.27161 3.62376 4.05473
2.665 0 0 0 0.0677622 1.14312 2.27516 3.63193 4.0603
2.67 0 0 0 0.0762506 1.1496 2.27923 3.64043 4.06566
2.675 0 0 0 0.0829516 1.15582 2.28387 3.64913 4.07086
2.68 0 0 0 0.0876241 1.16163 2.28906 3.6579 4.07593
2.685 0 0 0 0.0902118 1.16695 2.29469 3.66661 4.08092
2.69 0 0 0 0.0908427 1.17176 2.30059 3.67514 4.08587
2.695 0 0 0 0.0898103 1.1761 2.30658 3.68337 4.09084
2.7 0 0 0 0.0875393 1.1801 2.31245 3.69117 4.09585
2.705 0 0 0 0.0878935 1.18391 2.31802 3.69841 4.10094
2.71 0 0 0 0.0902053 1.18769 2.32315 3.70495 4.10614
2.715 0 0 0 0.0946551 1.19158 2.32779 3.71065 4.11147
2.72 0 0 0 0.1012 1.19566 2.33196 3.71543 4.11692
2.725 0 0 0 0.109581 1.19995 2.33575 3.71921 4.12249
2.73 0 0 0 0.119415 1.2044 2.33934 3.72203 4.12815
2.735 0 0 0 0.130229 1.20892 2.34297 3.72399 4.13385
2.74 0 0 0 0.14151 1.21342 2.34688 3.72529 4.13957
2.745 0 0 0 0.152753 1.21782 2.35129 3.72619 4.14524
2.75 0 0 0 0.163507 1.22209 2.3564 3.72707 4.15084
2.755 0 0 0 0.173417 1.22628 2.36229 3.72829 4.1563
2.76 0 0 0 0.182249 1.23048 2.36894 3.73022 4.16159
2.765 0 0 0 0.1899 1.23487 2.37622 3.73318 4.16666
2.77 0 0 0 0.196397 1.23961 2.3839 3.73739 4.17146
2.775 0 0 0 0.201876 1.24483 2.39167 3.74293 4.17598
2.78 0 0 0 0.206551 1.25063 2.3992 3.74974 4.18017
2.785 0 0 0 0.210682 1.25696 2.40617 3.75762 4.18405
2.79 0 0 0 0.214524 1.2637 2.41232 3.76623 4.18765
2.795 0 0 0 0.218324 1.27064 2.41751 3.77518 4.19104
2.8 0 0 0 0.222274 1.27749 2.42172 3.78402 4.19433
2.805 0 0 0 0.226509 1.28397 2.42506 3.79233 4.19768
2.81 0 0 0 0.231097 1.28982 2.42773 3.79979 4.20125
2.815 0 0 0 0.236038 1.29488 2.43005 3.80616 4.20526
2.82 0 0 0 0.241277 1.29912 2.43232 3.81138 4.20986
2.825 0 0 0 0.246722 1.3026 2.43488 3.81552 4.21523
2.83 0 0 0 0.252268 1.30553 2.43796 3.8188 4.22146
2.835 0 0 0 0.257818 1.30817 2.44176 3.82154 4.22858
2.84 0 0 0 0.263304 1.31083 2.44634 3.82413 4.23654
2.845 0 0 0 0.268697 1.31377 2.45169 3.82696 4.24524
2.85 0 0 0 0.274024 1.31721 2.4577 3.83039 4.25448
2.855 0 0 0 0.279365 1.32126 2.46423 3.83469 4.26405
2.86 0 0 0 0.284835 1.32591 2.47112 3.84002 4.27369
2.865 0 0 0 0.290556 1.33108 2.4782 3.84643 4.28315
2.87 0 0 0 0.29664 1.33659 2.48534 3.85381 4.29221
2.875 0 0 0 0.30315 1.34223 2.49243 3.862 4.30065
2.88 0 0 0 0.310086 1.3478 2.49938 3.87071 4.30833
2.885 0 0 0 0.317364 1.35311 2.50614 3.87965 4.31514
2.89 0 0 0 0.324821 1.35805 2.51265 3.88851 4.32102
2.895 0 0 0 0.332232 1.36254 2.51886 3.897 4.32598
2.9 0 0 0 0.339344 1.36658 2.52471 3.90489 4.33004
2.905 0 0 0 0.345911 1.37023 2.53014 3.91204 4.3333
2.91 0 0 0 0.351734 1.37357 2.53509 3.91837 4.33588
2.915 0 0 0 0.356696 1.37673 2.53955 3.92386 4.33796
2.92 0 0 0 0.360779 1.37986 2.5435 3.92859 4.33971
2.925 0 0 0 0.364071 1.3831 2.54702 3.93266 4.34137
2.93 0 0 0 0.366752 1.38664 2.55017 3.93621 4.34315
2.935 0 0 0 0.369068 1.39064 2.55312 3.93942 4.34528
2.94 0 0 0 0.371294 1.39526 2.55601 3.94243 4.34795
2.945 0 0 0 0.373694 1.40063 2.55902 3.94541 4.35131
2.95 0 0 0 0.376495 1.40681 2.56232 3.94848 4.35547
2.955 0 0 0 0.379859 1.41381 2.56603 3.95175 4.36046
2.96 0 0 0 0.383874 1.42152 2.57025 3.95528 4.36628
2.965 0 0 0 0.388558 1.42974 2.57503 3.95914 4.37283
2.97 0 0 0 0.393874 1.43818 2.58037 3.96334 4.38001
2.975 0 0 0 0.399741 1.44649 2.58623 3.96788 4.38764
2.98 0 0 0 0.406059 1.45427 2.59255 3.97274 4.39557
2.985 0 0 0 0.412685 1.46119 2.59923 3.9779 4.40361
2.99 0 0 0 0.419467 1.46696 2.60619 3.9833 4.41161
2.995 0 0 0 0.426266 1.47145 2.61331 3.98892 4.41944
3 0 0 0 0.432963 1.47465 2.62047 3.9947 4.42697
3.005 0 0 0 0.439459 1.47672 2.62756 4.00059 4.43412
3.01 0 0 0 0.445679 1.47796 2.63445 4.00655 4.44084
3.015 0 0 0 0.451573 1.47872 2.64099 4.01253 4.4471
3.02 0 0 0 0.457123 1.4794 2.64707 4.01847 4.45288
3.025 0 0 0 0.462338 1.48035 2.65258 4.02433 4.45819
3.03 0 0 0 0.467264 1.48187 2.65742 4.03006 4.46308
3.035 0 0 0 0.471972 1.48411 2.66159 4.03563 4.46758
3.04 0 0 0 0.476557 1.48712 2.6651 4.04105 4.47176
3.045 0 0 0 0.481122 1.49084 2.66806 4.04632 4.47568
3.05 0 0 0 0.485765 1.49514 2.67065 4.0515 4.47943
3.055 0 0 0 0.490564 1.49989 2.67308 4.05666 4.48308
3.06 0 0 0 0.495566 1.50497 2.67559 4.06189 4.4867
3.065 0 0 0 0.500782 1.5103 2.67846 4.06729 4.49033
3.07 0 0 0 0.506186 1.51589 2.68188 4.07293 4.49403
3.075 0 0 0 0.511723 1.5218 2.68602 4.07885 4.49782
3.08 0 0 0 0.517318 1.52812 2.69096 4.08504 4.50173
3.085 0 0 0 0.522892 1.53495 2.69665 4.09142 4.50578
3.09 0 0 0 0.528371 1.5423 2.70299 4.09787 4.51002
3.095 0 0 0 0.533698 1.55015 2.70976 4.1042 4.51448
3.1 0 0 0 0.538829 1.55834 2.71672 4.11021 4.51922
3.105 0 0 0 0.543732 1.56663 2.72358 4.11568 4.52431
3.11 0 0 0 0.548379 1.5747 2.73007 4.12049 4.52983
3.115 0 0 0 0.552756 1.58219 2.73598 4.12455 4.53583
3.12 0 0 0 0.556869 1.58878 2.74116 4.12789 4.54238
3.125 0 0 0 0.560748 1.59418 2.74551 4.13066 4.54946
3.13 0 0 0 0.564442 1.59823 2.74907 4.13311 4.55704
3.135 0 0 0 0.56803 1.60088 2.75193 4.13554 4.56504
3.14 0 0 0 0.571609 1.60222 2.75425 4.13831 4.57329
3.145 0 0 0 0.575292 1.60247 2.75623 4.14176 4.58163
3.15 0 0 0 0.579189 1.60196 2.75814 4.14615 4.58983
3.155 0 0 0 0.58339 1.60107 2.76022 4.15164 4.59768
3.16 0 0 0 0.587948 1.60024 2.76273 4.15827 4.60498
3.165 0 0 0 0.592866 1.59987 2.76592 4.16593 4.61159
3.17 0 0 0 0.598088 1.60036 2.76999 4.17436 4.6174
3.175 0 0 0 0.603509 1.60203 2.77509 4.18326 4.62241
3.18 0 0 0 0.608983 1.60513 2.7813 4.19222 4.62668
3.185 0 0 0 0.614357 1.60981 2.78865 4.20086 4.63032
3.19 0 0 0 0.619488 1.6161 2.79703 4.20884 4.63355
3.195 0 0 0 0.624279 1.62393 2.80627 4.21592 4.63656
3.2 0 0 0 0.628693 1.6331 2.81609 4.22196 4.63959
3.205 0 0 0 0.63276 1.6433 2.82612 4.22694 4.64286
3.21 0 0 0 0.636571 1.65409 2.83596 4.23095 4.64655
3.215 0 0 0 0.640263 1.665 2.84518 4.23419 4.65077
3.22 0 0 0 0.643988 1.67547 2.85338 4.23689 4.65558
3.225 0 0 0 0.647892 1.68498 2.86024 4.23934 4.66098
3.23 0 0 0 0.652084 1.69307 2.86557 4.2418 4.66688
3.235 0 0 0 0.656628 1.69938 2.86931 4.2445 4.67316
3.24 0 0 0 0.661535 1.7037 2.87157 4.24762 4.67963
3.245 0 0 0 0.666773 1.70601 2.87263 4.25128 4.68612
3.25 0 0 0 0.672282 1.70648 2.87288 4.25553 4.69242
3.255 0 0 0 0.677995 1.70547 2.87279 4.26035 4.69836
3.26 0 0 0 0.68385 1.70346 2.87287 4.26567 4.70381
3.265 0 0 0 0.689804 1.70102 2.87358 4.2714 4.70867
3.27 0 0 0 0.695834 1.69876 2.87533 4.2774 4.71292
3.275 0 0 0 0.701927 1.69723 2.87838 4.28356 4.71659
3.28 0 0 0 0.708073 1.69692 2.88285 4.28974 4.71979
3.285 0 0 0 0.714242 1.69816 2.88868 4.29586 4.72265
3.29 0 0 0 0.720376 1.70113 2.8957 4.30186 4.72536
3.295 0 0 0 0.726383 1.70586 2.90359 4.3077 4.72811
3.3 0 0 0 0.732136 1.71223 2.91197 4.31342 4.73107
3.305 0 0 0 0.737485 1.71999 2.92039 4.31904 4.7344
3.31 0 0 0 0.742278 1.72884 2.92845 4.32462 4.73821
3.315 0 0 0 0.746383 1.7384 2.93576 4.33021 4.74257
3.32 0 0 0 0.749706 1.74831 2.94204 4.33586 4.74748
3.325 0 0 0 0.752215 1.75819 2.94708 4.34155 4.75292
3.33 0 0 0 0.753949 1.76773 2.95084 4.34724 4.75882
3.335 0 0 0 0.75502 1.77664 2.95339 4.35286 4.7651
3.34 0 0 0 0.755609 1.78469 2.95492 4.35827 4.77166
3.345 0 0 0 0.755952 1.79172 2.95573 4.36334 4.77844
3.35 0 0 0 0.75632 1.79761 2.95622 4.36794 4.78536
3.355 0 0 0 0.756998 1.80231 2.9568 4.37199 4.79238
3.36 0 0 0 0.758263 1.80584 2.95793 4.37546 4.79946
3.365 0 0 0 0.760356 1.80827 2.96 4.3784 4.80655
3.37 0 0 0 0.763467 1.80977 2.96332 4.38095 4.81364
3.375 0 0 0 0.767714 1.81054 2.96808 4.38332 4.82067
3.38 0 0 0 0.773128 1.81086 2.97433 4.38575 4.82759
3.385 0 0 0 0.779652 1.81103 2.98195 4.38853 4.83435
3.39 0 0 0 0.787135 1.81138 2.99066 4.3919 4.84088
3.395 0 0 0 0.795344 1.81222 3.00009 4.39607 4.84714
3.4 0 0 0 0.803976 1.81384 3.00975 4.40116 4.85309
3.405 0 0 0 0.812684 1.81645 3.01914 4.40718 4.85871
3.41 0 0 0 0.821108 1.8202 3.0278 4.41408 4.86404
3.415 0 0 0 0.828907 1.82514 3.03535 4.4217 4.8691
3.42 0 0 0 0.835796 1.83119 3.04155 4.42982 4.87396
3.425 0 0 0 0.841577 1.83822 3.04631 4.4382 4.87869
3.43 0 0 0 0.846161 1.84599 3.04974 4.44658 4.88335
3.435 0 0 0 0.849584 1.85422 3.05204 4.45472 4.88797
3.44 0 0 0 0.852003 1.86258 3.05358 4.46243 4.89259
3.445 0 0 0 0.853685 1.87074 3.05476 4.46957 4.8972
3.45 0 0 0 0.854972 1.8784 3.05598 4.47603 4.90177
3.455 0 0 0 0.856251 1.88531 3.05763 4.48178 4.90625
3.46 0 0 0 0.857902 1.8913 3.05998 4.4868 4.9106
3.465 0 0 0 0.860259 1.89624 3.06321 4.49115 4.91477
3.47 0 0 0 0.863561 1.90014 3.06737 4.49489 4.91874
3.475 0 0 0 0.867934 1.90308 3.0724 4.49811 4.92252
3.48 0 0 0 0.873363 1.9052 3.07817 4.50095 4.92615
3.485 0 0 0 0.879704 1.90674 3.0845 4.50354 4.92971
3.49 0 0 0 0.886695 1.90797 3.09116 4.50604 4.93332
3.495 0 0 0 0.893988 1.90917 3.09795 4.5086 4.9371
3.5 0 0 0 0.901198 1.91064 3.10469 4.51139 4.9412
3.505 0 0 0 0.907944 1.91265 3.11124 4.51454 4.94573
3.51 0 0 0 0.913895 1.91538 3.1175 4.51816 4.95078
3.515 0 0 0 0.918813 1.91898 3.12341 4.52231 4.95639
3.52 0 0 0 0.922573 1.92349 3.12894 4.52701 4.96253
3.525 0 0 0 0.925178 1.92886 3.13409 4.53225 4.9691
3.53 0 0 0 0.926754 1.93496 3.13887 4.53796 4.97596
3.535 0 0 0 0.927534 1.94158 3.14332 4.54406 4.9829
3.54 0 0 0 0.927829 1.94848 3.14747 4.55044 4.98969
3.545 0 0 0 0.92799 1.95538 3.15139 4.55697 4.9961
3.55 0 0 0 0.928381 1.96203 3.15513 4.56355 5.00194
3.555 0 0 0 0.929337 1.96823 3.15874 4.57007 5.0071
3.56 0 0 0 0.931143 1.97383 3.16229 4.57642 5.01154
3.565 0 0 0 0.934007 1.97876 3.16581 4.58254 5.01531
3.57 0 0 0 0.938051 1.98306 3.16933 4.58836 5.01858
3.575 0 0 0 0.943304 1.98682 3.17286 4.59382 5.02158
3.58 0 0 0 0.9497 1.99021 3.17639 4.59891 5.02458
3.585 0 0 0 0.957087 1.99341 3.17991 4.60362 5.02786
3.59 0 0 0 0.965235 1.99662 3.18342 4.60797 5.03165
3.595 0 0 0 0.973859 2 3.18695 4.612 5.03614
3.6 0 0 0 0.982634 2.00369 3.19054 4.6158 5.04139
3.605 0 0 0 0.991229 2.00774 3.19428 4.61948 5.04738
3.61 0 0 0 0.999328 2.01217 3.19831 4.62316 5.05396
3.615 0 0 0 1.00666 2.01691 3.20276 4.62697 5.06093
3.62 0 0 0 1.01304 2.02189 3.20776 4.63103 5.06803
3.625 0 0 0 1.01836 2.02699 3.21343 4.63543 5.07498
3.63 0 0 0 1.02262 2.03209 3.21979 4.64022 5.08153
3.635 0 0 0 1.0259 2.0371 3.22683 4.6454 5.08751
3.64 0 0 0 1.02839 2.04196 3.23441 4.65089 5.09282
3.645 0 0 0 1.0303 2.04662 3.24233 4.65659 5.09745
3.65 0 0 0 1.03189 2.05107 3.25033 4.66235 5.10148
3.655 0 0 0 1.03338 2.05534 3.25811 4.66799 5.10508
3.66 0 0 0 1.03498 2.05946 3.26537 4.67337 5.10844
3.665 0 0 0 1.03682 2.06346 3.27186 4.67837 5.11179
3.67 0 0 0 1.039 2.06737 3.2774 4.68294 5.11535
3.675 0 0 0 1.04153 2.07121 3.28191 4.68709 5.1193
3.68 0 0 0 1.04443 2.07498 3.28541 4.6909 5.12376
3.685 0 0 0 1.04767 2.07868 3.28801 4.69453 5.12878
3.69 0 0 0 1.05125 2.08229 3.2899 4.69817 5.13434
3.695 0 0 0 1.05519 2.08581 3.29132 4.70202 5.14036
3.7 0 0 0 1.05955 2.08924 3.29254 4.70629 5.14669
3.705 0 0 0 1.06439 2.09259 3.29384 4.71114 5.15317
3.71 0 0 0 1.06978 2.09591 3.29546 4.71667 5.15961
3.715 0 0 0 1.07579 2.09925 3.29759 4.72288 5.16586
3.72 0 0 0 1.0824 2.10269 3.30039 4.72971 5.17178
3.725 0 0 0.00376178 1.08955 2.1063 3.30398 4.73703 5.17729
3.73 0 0 0.0103097 1.0971 2.11018 3.30839 4.74463 5.18237
3.735 0 0 0.0192231 1.10483 2.1144 3.31363 4.75226 5.18707
3.74 0 0 0.0298902 1.11248 2.119 3.31965 4.75969 5.19148
3.745 0 0 0.0415678 1.11976 2.12402 3.32635 4.76666 5.19572
3.75 0 0 0.053451 1.12638 2.12943 3.33359 4.77299 5.19994
3.755 0 0 0.0647446 1.13214 2.13518 3.34118 4.77853 5.20428
3.76 0 0 0.0747303 1.13686 2.14119 3.34892 4.78321 5.20884
3.765 0 0 0.0828223 1.1405 2.14733 3.35658 4.78705 5.21368
3.77 0 0 0.0886096 1.1431 2.15346 3.3639 4.79014 5.2188
3.775 0 0 0.0918807 1.14479 2.15943 3.37069 4.79263 5.22417
3.78 0 0 0.0926322 1.14578 2.16511 3.37676 4.79474 5.22968
3.785 0 0 0.0910609 1.14631 2.17039 3.38198 4.79671 5.23522
3.79 0 0 0.0891207 1.14665 2.17523 3.38632 4.79882 5.24068
3.795 0 0 0.0866192 1.14706 2.17962 3.38981 4.80129 5.24595
3.8 0 0 0.0838773 1.14775 2.1836 3.39257 4.80435 5.25099
3.805 0 0 0.0812017 1.14889 2.18728 3.3948 4.80814 5.25578
3.81 0 0 0.0788879 1.15063 2.19081 3.39674 4.81272 5.26036
3.815 0 0 0.0790382 1.15305 2.19432 3.39866 4.81808 5.26481
3.82 0 0 0.0816361 1.15618 2.19798 3.40084 4.82413 5.26922
3.825 0 0 0.0867595 1.16003 2.20189 3.4035 4.83068 5.27368
3.83 0 0 0.0942934 1.16458 2.20613 3.40683 4.83751 5.27826
3.835 0 0 0.10398 1.16979 2.21071 3.41093 4.84436 5.28298
3.84 0 0 0.115408 1.1756 2.21557 3.41582 4.85099 5.28783
3.845 0 0 0.128024 1.18193 2.22062 3.42145 4.85716 5.29274
3.85 0 0 0.141168 1.1887 2.2257 3.42768 4.86273 5.29761
3.855 0 0 0.154125 1.19581 2.23068 3.4343 4.8676 5.30233
3.86 0 0 0.166194 1.20313 2.2354 3.44109 4.87178 5.30682
3.865 0 0 0.176759 1.21054 2.23976 3.4478 4.87534 5.31103
3.87 0 0 0.18537 1.21789 2.24369 3.4542 4.87841 5.31498
3.875 0 0 0.191796 1.22505 2.24722 3.46007 4.88119 5.31872
3.88 0 0 0.19606 1.23185 2.2504 3.46529 4.88388 5.32239
3.885 0 0 0.198436 1.23814 2.25336 3.46976 4.88666 5.32614
3.89 0 0 0.199412 1.24377 2.25629 3.47348 4.88972 5.33013
3.895 0 0 0.199625 1.24864 2.25936 3.47652 4.89319 5.3345
3.9 0 0 0.199765 1.25265 2.26277 3.47902 4.89716 5.33935
3.905 0 0 0.200486 1.25577 2.26666 3.48118 4.90166 5.34468
3.91 0 0 0.202317 1.25804 2.27113 3.48323 4.9067 5.35044
3.915 0 0 0.20559 1.25954 2.27624 3.48542 4.91225 5.35651
3.92 0 0 0.210406 1.26047 2.28192 3.48799 4.91825 5.36273
3.925 0 0 0.216632 1.26107 2.28807 3.49115 4.92462 5.3689
3.93 0 0 0.223928 1.26165 2.2945 3.49503 4.93128 5.37487
3.935 0 0 0.231806 1.26254 2.30099 3.49972 4.93814 5.3805
3.94 0 0 0.2397 1.26408 2.30729 3.5052 4.94508 5.38574
3.945 0 0 0.247094 1.26654 2.31314 3.51138 4.952 5.39058
3.95 0 0 0.253581 1.27012 2.31836 3.51807 4.95879 5.39511
3.955 0 0 0.258913 1.27491 2.32279 3.52505 4.96532 5.39945
3.96 0 0 0.26303 1.28085 2.32637 3.53205 4.97147 5.40377
3.965 0 0 0.266058 1.28773 2.32915 3.53882 4.97714 5.40822
3.97 0 0 0.268282 1.29524 2.33124 3.54512 4.98225 5.41293
3.975 0 0 0.27011 1.30295 2.33286 3.55078 4.98675 5.41798
3.98 0 0 0.272011 1.31042 2.33426 3.5557 4.99063 5.4234
3.985 0 0 0.274467 1.31721 2.33573 3.55989 4.99396 5.42915
3.99 0 0 0.277919 1.32296 2.33754 3.56344 4.99685 5.43512
3.995 0 0 0.28272 1.32748 2.33992 3.56648 4.99944 5.44118
4 0 0 0.289082 1.3307 2.34302 3.56922 5.00193 5.44716
4.005 0 0 0.297058 1.33278 2.34692 3.5719 5.00454 5.45292
4.01 0 0 0.306526 1.334 2.35158 3.57471 5.00747 5.45833
4.015 0 0 0.31719 1.33482 2.3569 3.57783 5.0109 5.4633
4.02 0 0 0.328606 1.33573 2.36272 3.58138 5.01497 5.46783
4.025 0 0 0.340219 1.33723 2.36883 3.58541 5.01977 5.47197
4.03 0 0 0.35142 1.33976 2.37501 3.5899 5.02528 5.47583
4.035 0 0 0.361612 1.34362 2.3811 3.59479 5.03146 5.47957
4.04 0 0 0.370284 1.34893 2.38694 3.59996 5.03817 5.48337
4.045 0 0 0.377075 1.3556 2.39246 3.60532 5.04524 5.48742
4.05 0 0 0.381827 1.36336 2.39763 3.61076 5.05246 5.49185
4.055 0 0 0.384613 1.37181 2.40249 3.61619 5.05962 5.49675
4.06 0 0 0.385739 1.38042 2.40709 3.62159 5.06649 5.50214
4.065 0 0 0.385707 1.38864 2.41154 3.62696 5.07292 5.50792
4.07 0 0 0.385155 1.39596 2.41591 3.63232 5.07876 5.51394
4.075 0 0 0.384777 1.40197 2.42028 3.63772 5.08393 5.51998
4.08 0 0 0.385229 1.40641 2.4247 3.64321 5.0884 5.52577
4.085 0 0 0.387047 1.40921 2.42919 3.64883 5.09222 5.53106
4.09 0 0 0.390575 1.41045 2.43371 3.65456 5.09547 5.53565
4.095 0 0 0.395931 1.41041 2.43824 3.66035 5.09827 5.53941
4.1 0 0 0.403009 1.40949 2.44269 3.66612 5.10077 5.54233
4.105 0 0 0.411485 1.40819 2.44702 3.67174 5.10315 5.54451
4.11 0 0 0.420864 1.40704 2.45113 3.67707 5.10558 5.54618
4.115 0 0 0.430586 1.40655 2.45499 3.68197 5.10821 5.54764
4.12 0 0 0.440114 1.40717 2.45857 3.68631 5.11118 5.54926
4.125 0 0 0.449009 1.40923 2.46186 3.69002 5.11457 5.5514
4.13 0 0 0.456979 1.41292 2.46491 3.69309 5.11843 5.55439
4.135 0 0 0.463902 1.41826 2.4678 3.69555 5.12277 5.55843
4.14 0 0 0.469819 1.42514 2.47063 3.69754 5.12755 5.56364
4.145 0 0 0.474888 1.43325 2.47355 3.69922 5.13269 5.56996
4.15 0 0 0.479338 1.44219 2.47669 3.70083 5.1381 5.57721
4.155 0 0 0.483406 1.45145 2.48022 3.7026 5.1437 5.5851
4.16 0 0 0.487284 1.46051 2.48424 3.70479 5.14939 5.59325
4.165 0 0 0.491086 1.46887 2.48886 3.70762 5.15509 5.60129
4.17 0 0 0.494832 1.4761 2.49409 3.71125 5.16076 5.60887
4.175 0 0 0.498468 1.48192 2.4999 3.71579 5.16636 5.61571
4.18 0 0 0.501891 1.48621 2.50618 3.72124 5.17187 5.62167
4.185 0 0 0.504994 1.48905 2.51275 3.72752 5.17727 5.62672
4.19 0 0 0.507711 1.49066 2.51939 3.73446 5.18255 5.63098
4.195 0 0 0.510051 1.49144 2.52584 3.74181 5.18767 5.63466
4.2 0 0 0.512116 1.49187 2.53187 3.74928 5.19258 5.63804
4.205 0 0 0.514093 1.49245 2.53726 3.75654 5.19724 5.64141
4.21 0 0 0.516236 1.49364 2.54186 3.76327 5.20159 5.64504
4.215 0 0 0.518826 1.49582 2.54561 3.76922 5.20562 5.64911
4.22 0 0 0.522112 1.49919 2.54855 3.77418 5.20932 5.65372
4.225 0 0 0.526274 1.5038 2.55079 3.77809 5.21275 5.65883
4.23 0 0 0.531388 1.50952 2.55252 3.78096 5.21601 5.66432
4.235 0 0 0.537402 1.51607 2.55399 3.78295 5.21925 5.66998
4.24 0 0 0.544144 1.52307 2.55547 3.78432 5.22266 5.67557
4.245 0 0 0.551341 1.53008 2.55718 3.78539 5.22643 5.68086
4.25 0 0 0.558659 1.53669 2.55932 3.78655 5.23072 5.68569
4.255 0 0 0.565754 1.54254 2.56202 3.78817 5.23566 5.68997
4.26 0 0 0.572322 1.54738 2.56535 3.7906 5.2413 5.69372
4.265 0 0 0.578146 1.55109 2.56929 3.79407 5.24758 5.69706
4.27 0 0 0.583126 1.55369 2.57377 3.79874 5.25438 5.70022
4.275 0 0 0.587293 1.55537 2.5787 3.80461 5.2615 5.70345
4.28 0 0 0.590804 1.55639 2.58395 3.81157 5.26865 5.70705
4.285 0 0 0.593916 1.55712 2.58943 3.81939 5.27557 5.71124
4.29 0 0 0.596948 1.55797 2.59505 3.82776 5.282 5.7162
4.295 0 0 0.600233 1.55933 2.60077 3.8363 5.28772 5.722
4.3 0 0 0.60407 1.56158 2.60655 3.84466 5.29261 5.72857
4.305 0 0 0.608677 1.56497 2.6124 3.85247 5.29665 5.73575
4.31 0 0 0.614159 1.56967 2.61831 3.85947 5.29992 5.74329
4.315 0 0 0.620486 1.57568 2.62427 3.86545 5.30257 5.75085
4.32 0 0 0.627498 1.58288 2.63026 3.87033 5.30485 5.7581
4.325 0 0 0.634917 1.59098 2.63621 3.87411 5.30701 5.76471
4.33 0 0 0.642386 1.59958 2.64204 3.87688 5.30933 5.77041
4.335 0 0 0.649514 1.60821 2.64763 3.87882 5.31204 5.77505
4.34 0 0 0.655929 1.61635 2.65288 3.88015 5.31534 5.77856
4.345 0 0 0.661333 1.62355 2.65765 3.88112 5.31933 5.78099
4.35 0 0 0.665542 1.62942 2.66183 3.882 5.32406 5.78251
4.355 0 0 0.66852 1.63373 2.66537 3.88304 5.32947 5.78338
4.36 0 0 0.670381 1.63644 2.66821 3.88447 5.33547 5.7839
4.365 0 0 0.671379 1.63768 2.67038 3.88649 5.3419 5.78441
4.37 0 0 0.67187 1.63778 2.67193 3.88926 5.34858 5.78522
4.375 0 0 0.672262 1.63721 2.67299 3.89287 5.35533 5.78662
4.38 0 0 0.672954 1.6365 2.67372 3.89737 5.36194 5.78884
4.385 0 0 0.674276 1.63622 2.67434 3.90274 5.36826 5.79202
4.39 0 0 0.676442 1.63689 2.67508 3.9089 5.37415 5.79622
4.395 0 0 0.679522 1.63889 2.6762 3.91573 5.37953 5.80144
4.4 0 0 0.683438 1.64244 2.67796 3.92301 5.38435 5.80761
4.405 0 0 0.687991 1.64757 2.6806 3.93053 5.38859 5.8146
4.41 0 0 0.6929 1.65414 2.68431 3.93801 5.39229 5.82226
4.415 0 0 0.697871 1.6618 2.6892 3.9452 5.39553 5.83042
4.42 0 0 0.702654 1.67011 2.69532 3.95185 5.3984 5.8389
4.425 0 0 0.707096 1.67857 2.70258 3.95777 5.40104 5.84751
4.43 0 0 0.711183 1.68663 2.7108 3.96283 5.40357 5.85607
4.435 0 0 0.715037 1.69386 2.71969 3.96697 5.40614 5.8644
4.44 0 0 0.718898 1.69988 2.72891 3.97024 5.40887 5.87232
4.445 0 0 0.723074 1.70449 2.73803 3.97276 5.41189 5.87963
4.45 0 0 0.727873 1.70765 2.74665 3.97472 5.41529 5.88617
4.455 0 0 0.733532 1.70949 2.75439 3.97636 5.41914 5.89178
4.46 0 0 0.740152 1.71029 2.76095 3.97797 5.42349 5.89636
4.465 0 0 0.747659 1.71047 2.76614 3.9798 5.42835 5.89984
4.47 0 0 0.755795 1.71049 2.76989 3.9821 5.43372 5.90222
4.475 0 0 0.76414 1.71085 2.77228 3.98506 5.43957 5.90362
4.48 0 0 0.77217 1.712 2.77349 3.98877 5.44582 5.90421
4.485 0 0 0.779339 1.71431 2.77381 3.99328 5.4524 5.90427
4.49 0 0 0.78517 1.718 2.77359 3.99852 5.45918 5.90415
4.495 0 0 0.789336 1.72311 2.7732 4.00437 5.46601 5.90422
4.5 0 0 0.791729 1.72952 2.77301 4.01063 5.47272 5.90486
4.505 0 0 0.792489 1.73694 2.77332 4.01708 5.47915 5.90643
4.51 0 0 0.791997 1.74496 2.77438 4.02349 5.48509 5.90918
4.515 0 0 0.790829 1.75308 2.77635 4.02964 5.49038 5.91325
4.52 0 0 0.789673 1.76079 2.7793 4.03535 5.4949 5.91865
4.525 0 0 0.789235 1.76762 2.78321 4.0405 5.49858 5.92522
4.53 0 0 0.790124 1.77322 2.78799 4.04506 5.50141 5.93269
4.535 0 0 0.792767 1.77739 2.79351 4.04905 5.50348 5.94067
4.54 0 0 0.79734 1.7801 2.79956 4.05255 5.50497 5.94872
4.545 0 0 0.803735 1.78149 2.80594 4.05572 5.50611 5.9564
4.55 0 0 0.81158 1.78189 2.81242 4.05874 5.50721 5.96332
4.555 0 0 0.820293 1.78171 2.81881 4.06179 5.50857 5.96924
4.56 0 0 0.829169 1.78146 2.82491 4.06505 5.5105 5.97402
4.565 0 0 0.83749 1.78165 2.83058 4.06864 5.51326 5.97773
4.57 0 0 0.844632 1.78271 2.83574 4.07265 5.51703 5.98058
4.575 0 0 0.850161 1.78501 2.84037 4.07711 5.52188 5.98292
4.58 0 0 0.8539 1.78874 2.84452 4.08196 5.52778 5.98518
4.585 0 0 0.85595 1.79396 2.84831 4.08711 5.53462 5.98782
4.59 0 0 0.856676 1.80056 2.85192 4.09244 5.54217 5.99124
4.595 0 0 0.856643 1.80827 2.85556 4.09777 5.55018 5.99573
4.6 0 0 0.856529 1.81673 2.85945 4.10297 5.55835 6.00143
4.605 0 0 0.857014 1.82549 2.86378 4.10787 5.56638 6.00834
4.61 0 0 0.858676 1.83407 2.8687 4.11239 5.57404 6.01623
4.615 0 0 0.861899 1.84204 2.87426 4.11646 5.58112 6.02478
4.62 0 0 0.866814 1.84901 2.8804 4.1201 5.58749 6.03354
4.625 0 0 0.873282 1.85471 2.88698 4.12336 5.5931 6.04205
4.63 0 0 0.880917 1.85899 2.89375 4.12635 5.59795 6.04985
4.635 0 0 0.889148 1.86185 2.90038 4.12923 5.60209 6.05658
4.64 0 0 0.897306 1.86342 2.90654 4.13216 5.60562 6.06201
4.645 0 0 0.90473 1.86396 2.9119 4.13532 5.60865 6.06607
4.65 0 0 0.91087 1.86384 2.9162 4.13885 5.61131 6.06882
4.655 0 0 0.915365 1.86347 2.91929 4.14288 5.61373 6.07051
4.66 0 0 0.918099 1.86329 2.92114 4.14745 5.61604 6.07145
4.665 0 0 0.91922 1.86372 2.92188 4.15259 5.61834 6.07205
4.67 0 0 0.919115 1.8651 2.92174 4.15821 5.62075 6.07272
4.675 0 0 0.91836 1.86767 2.92109 4.16422 5.62336 6.07383
4.68 0 0 0.917632 1.87156 2.92034 4.17047 5.62626 6.07567
4.685 0 0 0.917623 1.87674 2.91995 4.17678 5.62954 6.07846
4.69 0 0 0.918939 1.88306 2.92031 4.18299 5.63327 6.08226
4.695 0 0 0.922025 1.89024 2.92179 4.18896 5.63748 6.08704
4.7 0 0 0.927105 1.89792 2.92459 4.19459 5.64219 6.09264
4.705 0 0 0.934158 1.90569 2.92884 4.19982 5.6474 6.09885
4.71 0 0 0.942921 1.91316 2.9345 4.20463 5.65304 6.1054
4.715 0 0 0.952929 1.91995 2.9414 4.20905 5.65904 6.112
4.72 0 0 0.963579 1.9258 2.94927 4.21312 5.66529 6.11839
4.725 0 0 0.974205 1.93055 2.95775 4.21689 5.67163 6.12436
4.73 0 0 0.984163 1.93419 2.96644 4.22043 5.67793 6.12978
4.735 0 0 0.992906 1.93683 2.97495 4.22377 5.68402 6.13457
4.74 0 0 1.00005 1.93869 2.98288 4.22693 5.68977 6.13875
4.745 0 0 1.00539 1.94006 2.98994 4.22992 5.69505 6.14241
4.75 0 0 1.00895 1.94129 2.9959 4.23274 5.69978 6.14566
4.755 0 0 1.01092 1.94269 3.00068 4.23541 5.70391 6.14868
4.76 0 0 1.01162 1.94453 3.00428 4.23795 5.70744 6.15162
4.765 0 0 1.01149 1.94698 3.00684 4.24042 5.71042 6.15463
4.77 0 0 1.01097 1.95012 3.00859 4.24291 5.71294 6.15785
4.775 0 0 1.01047 1.95392 3.00981 4.24555 5.71514 6.16134
4.78 0 0 1.01034 1.95826 3.01084 4.24845 5.71719 6.16518
4.785 0 0 1.0108 1.96296 3.01199 4.25178 5.71928 6.16937
4.79 0 0 1.012 1.96783 3.01352 4.25565 5.72161 6.17391
4.795 0 0 1.01396 1.97265 3.01565 4.26015 5.72437 6.17878
4.8 0 0 1.01666 1.97727 3.01846 4.26532 5.72774 6.18394
4.805 0 0 1.02001 1.98159 3.02195 4.27116 5.73184 6.18935
4.81 0 0 1.02393 1.98556 3.02606 4.27759 5.73674 6.19495
4.815 0 0.00319037 1.02833 1.98921 3.03061 4.28449 5.74243 6.20067
4.82 0 0.00830161 1.03315 1.99263 3.03544 4.29166 5.74883 6.20646
4.825 0 0.0149496 1.03833 1.99594 3.04035 4.29892 5.75581 6.21221
4.83 0 0.0226211 1.04383 1.99926 3.0452 4.30603 5.76315 6.21783
4.835 0 0.0307234 1.04957 2.00272 3.04991 4.31279 5.77059 6.22324
4.84 0 0.0386401 1.05548 2.00643 3.05446 4.31899 5.77787 6.22834
4.845 0 0.0457875 1.06143 2.01047 3.0589 4.32447 5.78474 6.23306
4.85 0 0.0516665 1.0673 2.01488 3.06336 4.3291 5.79097 6.23737
4.855 0 0.0559045 1.07293 2.01967 3.06797 4.33281 5.7964 6.24128
4.86 0 0.0582846 1.0782 2.02478 3.07287 4.33562 5.80097 6.24486
4.865 0 0.0587583 1.083 2.03015 3.07814 4.33759 5.80468 6.24823
4.87 0 0.0574432 1.08729 2.03567 3.08381 4.33884 5.80761 6.25154
4.875 0 0.0546055 1.09112 2.04125 3.08983 4.33959 5.80992 6.25496
4.88 0 0.0506303 1.09458 2.04675 3.09607 4.34009 5.81182 6.25867
4.885 0 0.0459827 1.09784 2.05205 3.10232 4.34063 5.81354 6.26281
4.89 0 0.0412258 1.10107 2.05708 3.10835 4.34152 5.81532 6.26747
4.895 0 0.0369597 1.10446 2.06176 3.1139 4.34306 5.81737 6.27267
4.9 0 0.0337624 1.10817 2.06608 3.11876 4.34551 5.81987 6.27835
4.905 0 0.0321323 1.11227 2.07007 3.12277 4.34906 5.82298 6.28439
4.91 0 0.0324373 1.11676 2.07379 3.12586 4.3538 5.82676 6.29058
4.915 0 0.0348756 1.12155 2.07735 3.12807 4.35971 5.83127 6.2967
4.92 0 0.0394526 1.12645 2.08086 3.12954 4.36667 5.83648 6.30252
4.925 0 0.0459759 1.13123 2.08442 3.13048 4.37443 5.84231 6.30785
4.93 0 0.0540692 1.13563 2.08812 3.13117 4.38268 5.84866 6.31254
4.935 0 0.0632048 1.13942 2.09197 3.1319 4.39105 5.85537 6.31656
4.94 0 0.072751 1.14243 2.09595 3.13299 4.39916 5.86227 6.31993
4.945 0 0.0820312 1.1446 2.09998 3.13466 4.40668 5.86917 6.3228
4.95 0 0.0904083 1.14599 2.10394 3.13712 4.41332 5.87588 6.32536
4.955 0 0.0973384 1.1468 2.10768 3.14045 4.4189 5.88221 6.32787
4.96 0 0.102422 1.14733 2.11106 3.14468 4.42337 5.88802 6.33058
4.965 0 0.108855 1.148 2.11399 3.14975 4.42676 5.8932 6.33372
4.97 0 0.115767 1.14924 2.11645 3.15551 4.42924 5.8977 6.33748
4.975 0 0.123092 1.15146 2.11848 3.16178 4.43103 5.90155 6.34195
4.98 0 0.130777 1.15499 2.1202 3.16834 4.4324 5.90482 6.34713
4.985 0 0.138781 1.16002 2.12182 3.17498 4.43364 5.90765 6.35294
4.99 0 0.147064 1.16655 2.12357 3.18147 4.43503 5.9102 6.35921
4.995 0 0.155576 1.17438 2.1257 3.18764 4.43681 5.91266 6.36572
5 0 0.164242 1.18314 2.12842 3.19334 4.43916 5.91523 6.37223
5.005 0 0.172951 1.19232 2.1319 3.19848 4.44218 5.91807 6.37849
5.01 0 0.181547 1.20134 2.13622 3.20302 4.44592 5.9213 6.38429
5.015 0 0.189832 1.20961 2.14135 3.20697 4.45038 5.92499 6.38948
5.02 0 0.197578 1.21664 2.14721 3.21039 4.45548 5.92915 6.39396
5.025 0 0.204552 1.2221 2.15362 3.21338 4.46113 5.93374 6.39772
5.03 0 0.210543 1.22587 2.16036 3.21608 4.46718 5.93867 6.40084
5.035 0 0.2154 1.22804 2.16721 3.21863 4.47347 5.94381 6.40345
5.04 0 0.219064 1.22892 2.17392 3.22118 4.47983 5.94902 6.40571
5.045 0 0.221589 1.22897 2.1803 3.22385 4.48608 5.95415 6.40785
5.05 0 0.223147 1.22874 2.18621 3.22674 4.49205 5.95906 6.41008
5.055 0 0.224024 1.22879 2.19153 3.22992 4.49757 5.96365 6.4126
5.06 0 0.224584 1.22959 2.19622 3.2334 4.50254 5.96785 6.41557
5.065 0 0.225258 1.23148 2.20024 3.23718 4.50687 5.97163 6.41911
5.07 0 0.226478 1.23462 2.20361 3.24118 4.51052 5.97501 6.42326
5.075 0 0.228623 1.23896 2.20639 3.24536 4.51354 5.97805 6.42801
5.08 0 0.231968 1.24432 2.20864 3.24963 4.51602 5.98087 6.43328
5.085 0 0.236661 1.25034 2.21046 3.25393 4.51811 5.98359 6.43893
5.09 0 0.242709 1.25662 2.21198 3.25823 4.52001 5.98637 6.44478
5.095 0 0.249975 1.26278 2.21335 3.2625 4.52194 5.9894 6.45067
5.1 0 0.258208 1.26847 2.21477 3.26678 4.52411 5.99282 6.45639
5.105 0 0.267072 1.27344 2.21642 3.27111 4.52672 5.99677 6.46182
5.11 0 0.276202 1.27761 2.21852 3.27556 4.52993 6.00135 6.46684
5.115 0 0.285243 1.281 2.22123 3.28018 4.53383 6.00659 6.47141
5.12 0 0.29389 1.28377 2.22468 3.28503 4.53844 6.01249 6.47554
5.125 0 0.30192 1.28615 2.22892 3.29013 4.54372 6.01895 6.47933
5.13 0 0.309197 1.28844 2.23393 3.29545 4.54955 6.02582 6.48287
5.135 0 0.315672 1.2909 2.23959 3.30094 4.55576 6.03292 6.48634
5.14 0 0.321355 1.29377 2.24569 3.30649 4.56214 6.04003 6.48988
5.145 0 0.326317 1.29721 2.25199 3.31196 4.56849 6.04693 6.49364
5.15 0 0.330676 1.30127 2.25821 3.31721 4.57459 6.05339 6.49774
5.155 0 0.334579 1.30588 2.26409 3.32207 4.58027 6.05927 6.50227
5.16 0 0.338196 1.31093 2.26945 3.32642 4.58538 6.06445 6.50725
5.165 0 0.341705 1.31618 2.27418 3.33015 4.58985 6.06889 6.51266
5.17 0 0.345282 1.32141 2.27826 3.33321 4.59366 6.07264 6.51843
5.175 0 0.349096 1.32639 2.28178 3.33562 4.59686 6.07579 6.52447
5.18 0 0.353289 1.33094 2.28492 3.33745 4.59955 6.0785 6.53064
5.185 0 0.357972 1.33493 2.28789 3.33883 4.6019 6.08096 6.53679
5.19 0 0.363202 1.33836 2.2909 3.33995 4.60411 6.08337 6.54276
5.195 0 0.368982 1.34129 2.29414 3.34105 4.6064 6.0859 6.54842
5.2 0 0.375246 1.34386 2.29771 3.34236 4.609 6.08871 6.55362
5.205 0 0.381875 1.34627 2.30164 3.34412 4.6121 6.09188 6.55826
5.21 0 0.388702 1.34872 2.30586 3.34654 4.61587 6.09545 6.56228
5.215 0 0.395539 1.35141 2.31023 3.34979 4.6204 6.09941 6.56564
5.22 0 0.402208 1.3545 2.31456 3.35396 4.62569 6.10369 6.56838
5.225 0 0.408556 1.35806 2.31864 3.35908 4.63167 6.1082 6.57058
5.23 0 0.414467 1.36214 2.32231 3.36509 4.63818 6.11283 6.57236
5.235 0 0.419909 1.36671 2.32547 3.37184 4.64497 6.11748 6.57391
5.24 0 0.424938 1.37171 2.32809 3.37914 4.65178 6.12206 6.57541
5.245 0 0.429693 1.37704 2.33026 3.38671 4.65828 6.12653 6.57708
5.25 0 0.434366 1.38264 2.33214 3.39427 4.66421 6.13086 6.57913
5.255 0 0.439168 1.38841 2.33396 3.40153 4.66931 6.13506 6.58173
5.26 0 0.444281 1.39431 2.33597 3.40822 4.67346 6.13918 6.585
5.265 0 0.449826 1.40028 2.33844 3.41413 4.67659 6.14326 6.58901
5.27 0 0.455829 1.40626 2.34157 3.41911 4.67878 6.14735 6.59378
5.275 0 0.462214 1.41216 2.34549 3.42311 4.68019 6.15149 6.59923
5.28 0 0.468805 1.4179 2.35025 3.42613 4.68109 6.15571 6.60528
5.285 0 0.475355 1.42333 2.35579 3.42831 4.68179 6.16002 6.61179
5.29 0 0.481578 1.42831 2.36197 3.42982 4.68263 6.1644 6.61859
5.295 0 0.487197 1.4327 2.36856 3.43091 4.68392 6.16883 6.62554
5.3 0 0.491984 1.43639 2.3753 3.43182 4.68593 6.17327 6.63249
5.305 0 0.495799 1.43931 2.3819 3.43282 4.68883 6.17771 6.63934
5.31 0 0.498613 1.44149 2.38808 3.43413 4.6927 6.18212 6.64598
5.315 0 0.500513 1.44303 2.39362 3.43595 4.69753 6.18651 6.65234
5.32 0 0.501697 1.44414 2.39833 3.43837 4.70322 6.19089 6.65836
5.325 0 0.502447 1.44508 2.40213 3.44144 4.70957 6.19527 6.664
5.33 0 0.503101 1.44616 2.40503 3.44513 4.71637 6.1997 6.6692
5.335 0 0.504011 1.44771 2.4071 3.44937 4.72336 6.20421 6.67393
5.34 0 0.505511 1.44999 2.40851 3.45402 4.73032 6.20883 6.67816
5.345 0 0.507882 1.45321 2.40951 3.45895 4.73703 6.21356 6.68187
5.35 0 0.511323 1.45745 2.41037 3.46403 4.74333 6.2184 6.68509
5.355 0 0.515942 1.46268 2.41138 3.46915 4.7491 6.22331 6.68784
5.36 0 0.521732 1.46875 2.41282 3.47424 4.7543 6.22827 6.69022
5.365 0 0.528572 1.47537 2.41492 3.47929 4.7589 6.2332 6.69233
5.37 0 0.536253 1.48219 2.41785 3.48431 4.76295 6.23805 6.69433
5.375 0 0.544504 1.48881 2.42168 3.48935 4.7665 6.24275 6.69638
5.38 0 0.553006 1.49481 2.42639 3.49447 4.76965 6.24725 6.69862
5.385 0 0.561422 1.49983 2.43187 3.49973 4.77249 6.25153 6.70121
5.39 0 0.569425 1.50364 2.43792 3.50517 4.77513 6.25558 6.70424
5.395 0 0.576724 1.50609 2.4443 3.51076 4.77766 6.25941 6.70776
5.4 0 0.58309 1.50725 2.45072 3.51644 4.78017 6.26307 6.71177
5.405 0 0.588381 1.50733 2.45692 3.52212 4.78276 6.26663 6.71622
5.41 0 0.592557 1.50671 2.46271 3.52762 4.78548 6.27016 6.721
5.415 0 0.595686 1.5059 2.46792 3.53279 4.78839 6.27374 6.72599
5.42 0 0.59794 1.50546 2.47252 3.53744 4.79154 6.27745 6.73107
5.425 0 0.599576 1.50597 2.47653 3.54143 4.79495 6.28132 6.73612
5.43 0 0.600903 1.50789 2.48008 3.54465 4.79865 6.2854 6.74105
5.435 0 0.602241 1.51157 2.48333 3.54707 4.80265 6.28967 6.74581
5.44 0 0.603878 1.51712 2.48648 3.54875 4.80695 6.29409 6.7504
5.445 0 0.606025 1.52443 2.48969 3.54982 4.81156 6.2986 6.75485
5.45 0 0.608789 1.53315 2.49311 3.55048 4.81645 6.30312 6.75924
5.455 0 0.612157 1.54277 2.4968 3.55097 4.82162 6.30757 6.76365
5.46 0 0.616005 1.55262 2.50075 3.5516 4.82703 6.31187 6.76817
5.465 0 0.620126 1.56205 2.50488 3.55261 4.83262 6.31599 6.77289
5.47 0 0.624274 1.57043 2.50903 3.55426 4.83835 6.31992 6.77784
5.475 0 0.628216 1.57731 2.51305 3.55673 4.84412 6.32367 6.78306
5.48 0 0.63179 1.58244 2.51674 3.56011 4.84985 6.32733 6.78851
5.485 0 0.634936 1.5858 2.51996 3.56442 4.85545 6.33099 6.79413
5.49 0 0.637722 1.58761 2.52262 3.56959 4.8608 6.33476 6.79981
5.495 0 0.640334 1.58826 2.5247 3.5755 4.86583 6.33876 6.80543
5.5 0 0.643048 1.58827 2.52625 3.58197 4.87043 6.34306 6.81085
5.505 0 0.646171 1.58817 2.52741 3.58878 4.87455 6.34771 6.81591
5.51 0 0.649986 1.58847 2.5284 3.59573 4.87814 6.35268 6.82052
5.515 0 0.654688 1.58956 2.52945 3.60261 4.88121 6.35791 6.82456
5.52 0 0.660338 1.59167 2.53083 3.60926 4.88379 6.36326 6.82801
5.525 0 0.666843 1.59487 2.53282 3.61554 4.88595 6.36856 6.83088
5.53 0 0.673959 1.59908 2.53565 3.62137 4.88779 6.37365 6.83323
5.535 0 0.681331 1.6041 2.53951 3.62668 4.88945 6.37836 6.83519
5.54 0 0.688547 1.60965 2.5445 3.63145 4.89109 6.38256 6.83693
5.545 0 0.695211 1.61542 2.55065 3.63567 4.89288 6.3862 6.83866
5.55 0 0.701011 1.62114 2.5579 3.63935 4.89498 6.3893 6.84057
5.555 0 0.705774 1.62658 2.56609 3.64252 4.89756 6.39196 6.84289
5.56 0 0.709494 1.6316 2.57496 3.64522 4.90075 6.39434 6.84577
5.565 0 0.712339 1.63611 2.58418 3.6475 4.90464 6.39667 6.84936
5.57 0 0.714617 1.64012 2.59339 3.64943 4.90927 6.39918 6.8537
5.575 0 0.716724 1.64369 2.60217 3.65111 4.91464 6.40211 6.8588
5.58 0 0.719082 1.64693 2.61013 3.65262 4.92069 6.40563 6.86459
5.585 0 0.722061 1.64995 2.6169 3.6541 4.92731 6.40986 6.87094
5.59 0 0.725925 1.6529 2.62222 3.65565 4.93432 6.41485 6.87769
5.595 0 0.730784 1.6559 2.62591 3.65742 4.94153 6.42053 6.88466
5.6 0 0.736584 1.65908 2.62793 3.65951 4.9487 6.42678 6.89165
5.605 0 0.743106 1.66254 2.62841 3.66203 4.9556 6.43341 6.8985
5.61 0 0.750008 1.66634 2.62757 3.66507 4.962 6.44019 6.90505
5.615 0 0.756869 1.67053 2.6258 3.66868 4.9677 6.4469 6.9112
5.62 0 0.763251 1.6751 2.62355 3.67288 4.97255 6.45332 6.91687
5.625 0 0.768765 1.68 2.62132 3.67766 4.97647 6.45927 6.92202
5.63 0 0.77312 1.68515 2.6196 3.68296 4.97943 6.46463 6.92662
5.635 0 0.776173 1.69041 2.61883 3.68872 4.98151 6.46934 6.93068
5.64 0 0.777945 1.69563 2.61936 3.69481 4.98288 6.47338 6.93419
5.645 0 0.778632 1.70062 2.62138 3.70111 4.98374 6.47681 6.93719
5.65 0 0.778584 1.7052 2.62494 3.70748 4.98439 6.4797 6.93969
5.655 0 0.778268 1.70922 2.62996 3.71376 4.98514 6.48217 6.94175
5.66 0 0.778217 1.71256 2.63617 3.71981 4.98631 6.48434 6.94344
5.665 0 0.778964 1.71517 2.64324 3.7255 4.98817 6.48635 6.94486
5.67 0 0.780975 1.71707 2.65077 3.73072 4.99095 6.48833 6.94617
5.675 0 0.784585 1.71838 2.65833 3.73541 4.99477 6.49042 6.94753
5.68 0 0.789949 1.71929 2.66554 3.73954 4.99965 6.49273 6.94917
5.685 0 0.797009 1.72005 2.67212 3.74312 5.0055 6.49535 6.95128
5.69 0 0.805494 1.72096 2.67787 3.74623 5.01212 6.49838 6.95408
5.695 0 0.814944 1.72236 2.68272 3.74894 5.01923 6.50187 6.95772
5.7 0 0.824763 1.72454 2.68672 3.7514 5.02648 6.50587 6.9623
5.705 0 0.834303 1.72773 2.69003 3.75373 5.03351 6.51038 6.96785
5.71 0 0.842943 1.7321 2.69286 3.75607 5.03999 6.5154 6.97427
5.715 0 0.850187 1.73767 2.69544 3.75855 5.04566 6.5209 6.98142
5.72 0 0.855731 1.74434 2.698 3.76127 5.05036 6.52679 6.98905
5.725 0 0.859514 1.75189 2.70072 3.76429 5.05402 6.533 6.99687
5.73 0 0.861726 1.75999 2.70371 3.76764 5.05671 6.53941 7.00454
5.735 0 0.862785 1.76823 2.70702 3.77134 5.05863 6.54589 7.01177
5.74 0 0.863268 1.77617 2.7106 3.77533 5.06004 6.55229 7.0183
5.745 0 0.863824 1.78338 2.71438 3.77957 5.06126 6.55846 7.02392
5.75 0 0.86507 1.78951 2.71826 3.78399 5.06264 6.56425 7.02855
5.755 0 0.867499 1.79431 2.72215 3.7885 5.06449 6.56953 7.03219
5.76 0 0.871393 1.79769 2.72598 3.79304 5.06706 6.57419 7.03496
5.765 0 0.876785 1.79971 2.72972 3.79754 5.07054 6.57815 7.03703
5.77 0 0.883452 1.80058 2.7334 3.80195 5.07497 6.58139 7.03866
5.775 0 0.890946 1.80063 2.7371 3.80623 5.08032 6.58395 7.04013
5.78 0 0.898668 1.8003 2.74092 3.81037 5.08643 6.58592 7.04171
5.785 0 0.905957 1.80004 2.74496 3.81436 5.09308 6.58746 7.04366
5.79 0 0.91219 1.80031 2.74931 3.81821 5.1 6.58877 7.04614
5.795 0 0.916878 1.80145 2.75401 3.82197 5.10688 6.59008 7.04926
5.8 0 0.919739 1.80373 2.75906 3.82567 5.11342 6.59164 7.05307
5.805 0 0.920739 1.80722 2.76438 3.82936 5.11938 6.59368 7.05748
5.81 0 0.9201 1.81186 2.76985 3.83309 5.12456 6.59638 7.0624
5.815 0 0.918272 1.81742 2.7753 3.83691 5.12885 6.59986 7.06765
5.82 0 0.915873 1.82356 2.78056 3.84087 5.13222 6.60416 7.07304
5.825 0 0.913614 1.82986 2.78545 3.84499 5.13473 6.60925 7.0784
5.83 0 0.912203 1.8359 2.78983 3.84927 5.13652 6.61501 7.0836
5.835 0 0.912265 1.8413 2.79359 3.85368 5.13778 6.62125 7.08852
5.84 0 0.91426 1.8458 2.79672 3.85817 5.13875 6.62776 7.09315
5.845 0 0.918432 1.84928 2.79926 3.86266 5.13969 6.63431 7.09751
5.85 0 0.924785 1.85179 2.80129 3.86705 5.14087 6.64068 7.10168
5.855 0 0.933077 1.85354 2.80298 3.87123 5.14253 6.64669 7.10576
5.86 0 0.942856 1.8549 2.80451 3.87512 5.14485 6.65223 7.10988
5.865 0 0.953509 1.85629 2.80608 3.87864 5.14798 6.65724 7.11412
5.87 0 0.964333 1.85817 2.80786 3.88175 5.15199 6.66173 7.11856
5.875 0 0.974613 1.86094 2.81003 3.88449 5.15688 6.66577 7.12318
5.88 0 0.983699 1.86489 2.8127 3.88691 5.16259 6.66947 7.12793
5.885 0 0.991076 1.87013 2.81594 3.88914 5.169 6.67293 7.13271
5.89 0 0.996415 1.8766 2.81974 3.89132 5.17592 6.67628 7.13737
5.895 0 0.999608 1.88405 2.82407 3.89364 5.18314 6.67959 7.14175
5.9 0 1.00077 1.89209 2.82882 3.89626 5.19044 6.68293 7.14573
5.905 0 1.00022 1.90023 2.83389 3.89936 5.19758 6.68631 7.14919
5.91 0 0.998467 1.90799 2.83911 3.90303 5.20433 6.68972 7.15214
5.915 0 0.996108 1.91488 2.84435 3.90734 5.21051 6.69313 7.15463
5.92 0 0.993806 1.92059 2.84946 3.9123 5.21594 6.69648 7.15679
5.925 0.00124116 0.992204 1.92491 2.85434 3.91784 5.22051 6.69977 7.15884
5.93 0.00308901 0.991864 1.92783 2.85893 3.92385 5.22417 6.70298 7.16101
5.935 0.00537401 0.99321 1.92952 2.86318 3.93016 5.22691 6.70614 7.16356
5.94 0.00788541 0.996494 1.93027 2.86713 3.93659 5.22878 6.70931 7.16671
5.945 0.0103948 1.00177 1.93047 2.87082 3.94293 5.22989 6.71257 7.17062
5.95 0.0126807 1.00891 1.93055 2.87433 3.94898 5.23043 6.71603 7.17537
5.955 0.0145519 1.01758 1.93091 2.87776 3.95456 5.2306 6.71978 7.18095
5.96 0.0158671 1.02731 1.9319 2.88121 3.95951 5.23066 6.7239 7.18724
5.965 0.0182733 1.03753 1.93375 2.88474 3.96372 5.2309 6.72843 7.19406
5.97 0.0214253 1.04762 1.93659 2.88842 3.96714 5.2316 6.73338 7.20116
5.975 0.0251942 1.05698 1.94043 2.89226 3.96977 5.23303 6.73871 7.20828
5.98 0.0294071 1.06507 1.94518 2.89624 3.97165 5.23543 6.74433 7.21515
5.985 0.033899 1.07149 1.95068 2.90032 3.97292 5.23896 6.75015 7.22157
5.99 0.0385121 1.07598 1.95672 2.90443 3.97375 5.24372 6.75604 7.22736
5.995 0.0431008 1.07851 1.96306 2.90849 3.97434 5.24968 6.76188 7.23245
6 0.0475358 1.07921 1.96949 2.91243 3.97494 5.25675 6.76756 7.23682
6.005 0.051708 1.07842 1.97578 2.9162 3.97582 5.2647 6.773 7.24052
6.01 0.0555312 1.07662 1.98177 2.91976 3.9772 5.27325 6.77815 7.24366
6.015 0.0589446 1.07442 1.98731 2.92312 3.97932 5.28204 6.783 7.2464
6.02 0.0619133 1.07247 1.99231 2.92631 3.98232 5.29069 6.78754 7.24888
6.025 0.0644279 1.07139 1.99669 2.92937 3.98629 5.29884 6.79179 7.25125
6.03 0.0665018 1.07174 2.00041 2.93237 3.99126 5.30616 6.79579 7.25365
6.035 0.0681665 1.07394 2.00349 2.93538 3.99714 5.3124 6.79955 7.25618
6.04 0.0694668 1.07822 2.00596 2.93845 4.00379 5.31739 6.8031 7.25891
6.045 0.0704548 1.0846 2.00789 2.94162 4.011 5.32111 6.80644 7.26187
6.05 0.0711851 1.09289 2.00942 2.94493 4.01851 5.32361 6.80957 7.26508
6.055 0.071712 1.1027 2.01069 2.94837 4.02603 5.32507 6.81248 7.2685
6.06 0.0720887 1.11346 2.0119 2.95194 4.03328 5.32574 6.81517 7.27212
6.065 0.0737504 1.12449 2.01325 2.95563 4.04 5.32594 6.81765 7.2759
6.07 0.0760245 1.13508 2.01493 2.95942 4.04598 5.32599 6.81993 7.2798
6.075 0.0787172 1.14455 2.01714 2.96329 4.05109 5.32623 6.82207 7.28381
6.08 0.0816366 1.15232 2.02001 2.96725 4.05524 5.32692 6.82414 7.28789
6.085 0.0846332 1.15799 2.02362 2.97129 4.05845 5.3283 6.82623 7.29204
6.09 0.087624 1.16139 2.02797 2.9754 4.06081 5.3305 6.82846 7.29625
6.095 0.0923095 1.16259 2.03298 2.97959 4.06248 5.33359 6.83096 7.30054
6.1 0.0984644 1.16193 2.03849 2.98384 4.06367 5.33753 6.83388 7.30491
6.105 0.106099 1.15994 2.04428 2.98814 4.06462 5.34221 6.83733 7.30937
6.11 0.115155 1.15732 2.05009 2.99245 4.06557 5.34748 6.8414 7.31391
6.115 0.125477 1.15482 2.05567 2.99673 4.06677 5.35312 6.84613 7.31855
6.12 0.136787 1.15319 2.06079 3.00095 4.06841 5.35893 6.85154 7.32328
6.125 0.148692 1.15304 2.06527 3.00506 4.07063 5.3647 6.85756 7.32809
6.13 0.160704 1.15479 2.06906 3.00905 4.07354 5.37025 6.86406 7.33295
6.135 0.172286 1.15865 2.07217 3.01291 4.07714 5.37547 6.87088 7.33786
6.14 0.182915 1.16454 2.07475 3.01664 4.08139 5.38029 6.87783 7.34278
6.145 0.192147 1.17216 2.07703 3.02029 4.08621 5.3847 6.88468 7.34769
6.15 0.199668 1.18101 2.07927 3.02388 4.09146 5.38875 6.89121 7.35257
6.155 0.205343 1.19049 2.08179 3.02746 4.09698 5.39255 6.89727 7.35738
6.16 0.209227 1.19997 2.08483 3.03107 4.10262 5.3962 6.90271 7.36211
6.165 0.211557 1.20885 2.08858 3.03472 4.10822 5.39985 6.90747 7.36672
6.17 0.212716 1.21669 2.09313 3.0384 4.11364 5.4036 6.91156 7.37118
6.175 0.213181 1.22318 2.09841 3.04208 4.11878 5.40753 6.91504 7.37546
6.18 0.213456 1.22821 2.10425 3.04571 4.12356 5.41169 6.91806 7.37955
6.185 0.214009 1.23183 2.11035 3.04923 4.12793 5.41606 6.92076 7.3834
6.19 0.215222 1.23424 2.11635 3.05258 4.13188 5.4206 6.92333 7.387
6.195 0.217367 1.23572 2.12189 3.05574 4.13542 5.42524 6.92592 7.39034
6.2 0.220583 1.23661 2.12662 3.05869 4.13861 5.42986 6.92869 7.39345
6.205 0.22489 1.23726 2.1303 3.06149 4.14151 5.43439 6.93171 7.39634
6.21 0.2302 1.23795 2.13282 3.06422 4.14421 5.43873 6.93503 7.3991
6.215 0.236339 1.23894 2.13423 3.06701 4.14684 5.44283 6.93864 7.40179
6.22 0.243078 1.24041 2.13471 3.07001 4.14951 5.44667 6.94249 7.40455
6.225 0.250163 1.24247 2.13463 3.0734 4.15234 5.45026 6.94649 7.40748
6.23 0.257347 1.24516 2.13441 3.07732 4.15545 5.45365 6.95055 7.4107
6.235 0.264416 1.24848 2.13453 3.08189 4.15892 5.45688 6.95457 7.41434
6.24 0.271205 1.25237 2.13545 3.08715 4.16279 5.46001 6.95847 7.41845
6.245 0.277613 1.25673 2.13753 3.09308 4.16707 5.46312 6.96221 7.42308
6.25 0.283604 1.26144 2.14103 3.09957 4.17171 5.46622 6.96578 7.42818
6.255 0.289202 1.26635 2.14603 3.10645 4.17663 5.46936 6.96921 7.43368
6.26 0.294494 1.27133 2.15244 3.11348 4.1817 5.47255 6.97256 7.43943
6.265 0.299613 1.27623 2.16002 3.12039 4.18675 5.47577 6.9759 7.44527
6.27 0.304729 1.28094 2.1684 3.12691 4.19162 5.47905 6.97933 7.45099
6.275 0.310021 1.28539 2.17711 3.13277 4.19616 5.48237 6.98294 7.45639
6.28 0.31565 1.28954 2.18568 3.13777 4.20026 5.48576 6.9868 7.46133
6.285 0.321735 1.29344 2.19366 3.14177 4.20384 5.48925 6.99095 7.46568
6.29 0.328322 1.29714 2.20067 3.14473 4.20689 5.49288 6.99542 7.46941
6.295 0.33537 1.30075 2.20645 3.14667 4.20948 5.49672 7.00018 7.47253
6.3 0.342742 1.30439 2.2109 3.1477 4.2117 5.50079 7.00519 7.47516
6.305 0.350221 1.30818 2.21403 3.148 4.21373 5.50515 7.01037 7.47744
6.31 0.357524 1.31221 2.21602 3.1478 4.21575 5.50979 7.01565 7.47959
6.315 0.364349 1.31653 2.2171 3.14736 4.21795 5.51469 7.02093 7.4818
6.32 0.370417 1.32117 2.2176 3.14696 4.2205 5.51981 7.0261 7.48429
6.325 0.375517 1.32611 2.21785 3.14684 4.22356 5.52508 7.0311 7.48723
6.33 0.379551 1.3313 2.21817 3.14726 4.22721 5.53041 7.03586 7.49076
6.335 0.382558 1.33669 2.21882 3.14842 4.23147 5.5357 7.04033 7.49492
6.34 0.384726 1.34219 2.22 3.15045 4.23631 5.54086 7.04449 7.49973
6.345 0.386373 1.3477 2.22181 3.15345 4.24164 5.54584 7.04834 7.50512
6.35 0.387916 1.35312 2.22428 3.15743 4.24731 5.55057 7.05191 7.51095
6.355 0.389822 1.35834 2.2274 3.16235 4.25313 5.55503 7.05524 7.51707
6.36 0.392545 1.36321 2.23108 3.16809 4.25893 5.55923 7.05837 7.52326
6.365 0.396472 1.36762 2.23525 3.1745 4.26449 5.56316 7.06137 7.52933
6.37 0.401852 1.37142 2.23982 3.18135 4.26965 5.56685 7.0643 7.53506
6.375 0.408774 1.3745 2.24471 3.18841 4.27427 5.57031 7.06723 7.54028
6.38 0.417135 1.37681 2.24985 3.19545 4.27825 5.57357 7.07023 7.54487
6.385 0.426681 1.37835 2.2552 3.20224 4.28156 5.57663 7.07335 7.54875
6.39 0.437037 1.37924 2.26071 3.20858 4.28424 5.57951 7.07665 7.55193
6.395 0.447759 1.37968 2.26631 3.21433 4.28638 5.58222 7.08018 7.55449
6.4 0.458378 1.37998 2.27194 3.2194 4.28813 5.58479 7.08397 7.55656
6.405 0.468454 1.38051 2.27749 3.22378 4.28969 5.58727 7.08803 7.55836
6.41 0.477607 1.38167 2.28284 3.22749 4.29131 5.58974 7.09238 7.56013
6.415 0.485549 1.3838 2.28786 3.23062 4.29321 5.59228 7.09699 7.56212
6.42 0.492095 1.38719 2.29245 3.23328 4.29561 5.59501 7.10186 7.56458
6.425 0.497169 1.39196 2.2965 3.2356 4.2987 5.59805 7.10693 7.5677
6.43 0.500796 1.39809 2.29999 3.23774 4.30257 5.60152 7.11216 7.57161
6.435 0.503104 1.40538 2.30294 3.2398 4.30723 5.60549 7.11747 7.57635
6.44 0.504306 1.41349 2.30544 3.24189 4.31262 5.61001 7.12279 7.58187
6.445 0.504692 1.42197 2.30763 3.2441 4.31856 5.61511 7.12805 7.58803
6.45 0.504627 1.43034 2.3097 3.24646 4.32482 5.62071 7.13319 7.59462
6.455 0.504517 1.43815 2.31181 3.249 4.33113 5.62672 7.13812 7.60137
6.46 0.504779 1.44503 2.31416 3.25172 4.3372 5.63299 7.14279 7.608
6.465 0.505808 1.45076 2.31687 3.25461 4.34278 5.63934 7.14717 7.61426
6.47 0.507933 1.45528 2.32 3.25765 4.3477 5.64557 7.15123 7.61991
6.475 0.511375 1.45869 2.32356 3.26083 4.35186 5.65147 7.15497 7.62481
6.48 0.516213 1.4612 2.32748 3.26413 4.35528 5.65687 7.15839 7.62888
6.485 0.522366 1.46314 2.33165 3.26756 4.35807 5.66161 7.16153 7.63215
6.49 0.529596 1.46483 2.33595 3.27115 4.36042 5.66561 7.16443 7.6347
6.495 0.537525 1.46659 2.34023 3.27492 4.36257 5.66882 7.16714 7.63671
6.5 0.545681 1.46865 2.34439 3.27891 4.36477 5.67128 7.16972 7.63837
6.505 0.553577 1.47115 2.34836 3.28317 4.36725 5.67306 7.17226 7.63991
6.51 0.560792 1.4741 2.35213 3.28771 4.37016 5.67433 7.1748 7.64154
6.515 0.567035 1.47743 2.35575 3.29257 4.37359 5.67529 7.17744 7.64344
6.52 0.572192 1.48097 2.35928 3.2977 4.37754 5.67616 7.18024 7.64575
6.525 0.576338 1.48453 2.36282 3.30307 4.38192 5.67721 7.18325 7.64854
6.53 0.579722 1.48794 2.36648 3.30858 4.38657 5.67867 7.18654 7.65185
6.535 0.582715 1.49105 2.37034 3.31411 4.39132 5.68077 7.19014 7.65564
6.54 0.585738 1.49381 2.37444 3.31953 4.39597 5.68367 7.19406 7.65985
6.545 0.589183 1.49625 2.37878 3.32468 4.40035 5.68745 7.19831 7.66438
6.55 0.593342 1.49848 2.38334 3.32944 4.40436 5.69213 7.20285 7.66915
6.555 0.59835 1.50071 2.38804 3.33369 4.40792 5.69761 7.20763 7.67406
6.56 0.604164 1.50317 2.39276 3.33737 4.41105 5.70374 7.21257 7.67903
6.565 0.61057 1.5061 2.3974 3.34047 4.41383 5.71028 7.21758 7.68403
6.57 0.617218 1.50971 2.40185 3.34304 4.41637 5.71699 7.22255 7.68903
6.575 0.623685 1.51415 2.40603 3.34517 4.41883 5.72358 7.22741 7.69403
6.58 0.629544 1.51946 2.40987 3.347 4.42138 5.72981 7.23207 7.69905
6.585 0.63443 1.52559 2.41335 3.3487 4.42418 5.73548 7.23649 7.7041
6.59 0.638105 1.53238 2.4165 3.35044 4.42737 5.7405 7.24066 7.70919
6.595 0.640491 1.53959 2.41938 3.35238 4.43105 5.74481 7.24462 7.71431
6.6 0.641695 1.54695 2.42206 3.35464 4.43527 5.74846 7.24843 7.71945
6.605 0.641994 1.55415 2.42464 3.35732 4.44005 5.75158 7.25217 7.72456
6.61 0.64182 1.56091 2.42721 3.36047 4.44534 5.7543 7.25597 7.72956
6.615 0.641711 1.56702 2.42986 3.36408 4.45106 5.75681 7.25991 7.73437
6.62 0.642258 1.57233 2.43265 3.36811 4.45705 5.75926 7.26409 7.73889
6.625 0.644048 1.57679 2.43563 3.37249 4.46316 5.76177 7.26855 7.74305
6.63 0.647593 1.58044 2.4388 3.37714 4.46916 5.76441 7.27331 7.74678
6.635 0.65327 1.58339 2.44216 3.38197 4.47486 5.76722 7.27833 7.75004
6.64 0.661266 1.5858 2.44567 3.38689 4.48005 5.77015 7.2835 7.75284
6.645 0.671536 1.58786 2.44931 3.39185 4.48454 5.77317 7.2887 7.75523
6.65 0.683776 1.58977 2.45306 3.3968 4.4882 5.77621 7.29379 7.75731
6.655 0.697435 1.59171 2.4569 3.40172 4.49096 5.77924 7.2986 7.75919
6.66 0.711753 1.59383 2.46084 3.40662 4.49285 5.78223 7.30301 7.76104
6.665 0.725824 1.59624 2.4649 3.41151 4.49394 5.78522 7.3069 7.76301
6.67 0.738702 1.59902 2.46912 3.41638 4.49442 5.78828 7.31022 7.76527
6.675 0.749517 1.60219 2.47351 3.42125 4.49453 5.79153 7.31299 7.76793
6.68 0.757595 1.60576 2.4781 3.42608 4.49456 5.79508 7.31527 7.77108
6.685 0.762563 1.60971 2.48287 3.43084 4.49482 5.79905 7.3172 7.77475
6.69 0.764426 1.61398 2.48776 3.43543 4.4956 5.80355 7.31893 7.77894
6.695 0.763594 1.61854 2.49269 3.43974 4.49715 5.80861 7.32066 7.78358
6.7 0.760847 1.62331 2.49753 3.44367 4.49965 5.81423 7.32259 7.78858
6.705 0.757256 1.62823 2.50216 3.44709 4.50319 5.8203 7.32491 7.79383
6.71 0.754046 1.63325 2.50644 3.44992 4.50777 5.8267 7.32776 7.79921
6.715 0.75244 1.6383 2.51028 3.4521 4.51329 5.8332 7.33126 7.80464
6.72 0.753489 1.64334 2.51364 3.45365 4.51958 5.83959 7.33544 7.81004
6.725 0.757939 1.64832 2.51656 3.45466 4.52641 5.84563 7.3403 7.81539
6.73 0.766118 1.65322 2.51912 3.45528 4.53352 5.85112 7.34577 7.82069
6.735 0.777904 1.65798 2.52152 3.45572 4.54063 5.8559 7.35173 7.82596
6.74 0.792742 1.66256 2.52397 3.45626 4.54751 5.85988 7.35802 7.83123
6.745 0.809723 1.66691 2.52673 3.45715 4.55394 5.86307 7.36447 7.83653
6.75 0.82772 1.67098 2.53 3.45866 4.55975 5.86556 7.3709 7.84185
6.755 0.845531 1.6747 2.53396 3.46098 4.56486 5.86749 7.37711 7.84717
6.76 0.862037 1.67804 2.53866 3.46424 4.56922 5.8691 7.38294 7.8524
6.765 0.876338 1.68095 2.54405 3.46847 4.57284 5.87063 7.38827 7.85744
6.77 0.887845 1.68344 2.54995 3.47361 4.57581 5.87235 7.39301 7.86217
6.775 0.896331 1.68556 2.55609 3.4795 4.57824 5.87447 7.3971 7.86644
6.78 0.901927 1.68741 2.5621 3.48592 4.58026 5.87717 7.40056 7.87014
6.785 0.905076 1.68913 2.5676 3.4926 4.58205 5.88056 7.40343 7.87319
6.79 0.906454 1.69088 2.57222 3.49929 4.58379 5.88465 7.4058 7.87556
6.795 0.906869 1.69286 2.5757 3.50574 4.58563 5.88936 7.40778 7.87731
6.8 0.907157 1.69521 2.57788 3.51175 4.58774 5.89455 7.40952 7.87854
6.805 0.90809 1.69808 2.57879 3.51722 4.59022 5.90002 7.41117 7.87942
6.81 0.910291 1.70154 2.57862 3.52208 4.59317 5.90553 7.41286 7.88016
6.815 0.914191 1.70559 2.57772 3.52637 4.59661 5.91083 7.41473 7.881
6.82 0.919998 1.71019 2.57655 3.53019 4.60054 5.91573 7.41689 7.88218
6.825 0.9277 1.71525 2.57566 3.53363 4.60487 5.92006 7.41942 7.8839
6.83 0.937089 1.72066 2.57558 3.53685 4.60952 5.92375 7.42237 7.88631
6.835 0.947804 1.7263 2.57678 3.53996 4.61435 5.92678 7.42576 7.88949
6.84 0.959388 1.73209 2.57959 3.54304 4.61924 5.92925 7.42958 7.89347
6.845 0.97135 1.73799 2.58419 3.54616 4.62404 5.9313 7.43382 7.8982
6.85 0.983226 1.74398 2.59055 3.54929 4.62867 5.93313 7.43843 7.90356
6.855 0.994636 1.75007 2.59844 3.55242 4.63304 5.93498 7.44333 7.9094
6.86 1.00532 1.75623 2.60747 3.55546 4.63715 5.93708 7.44847 7.91555
6.865 1.01517 1.76245 2.61714 3.55836 4.641 5.93962 7.45376 7.92185
6.87 1.02423 1.76861 2.62686 3.56106 4.64466 5.94277 7.45911 7.92813
6.875 1.03264 1.77456 2.63605 3.56351 4.64819 5.94661 7.46444 7.93428
6.88 1.04066 1.78007 2.64421 3.56573 4.65168 5.95114 7.46968 7.94022
6.885 1.04854 1.78489 2.65093 3.56777 4.65522 5.9563 7.47476 7.9459
6.89 1.05651 1.78877 2.65599 3.56974 4.65886 5.96195 7.47963 7.95131
6.895 1.06471 1.79154 2.6593 3.57176 4.66263 5.96792 7.48425 7.95646
6.9 1.07314 1.79313 2.66099 3.57399 4.66655 5.97398 7.48863 7.96138
6.905 1.08169 1.79361 2.66131 3.57657 4.67058 5.97992 7.49279 7.96607
6.91 1.09008 1.79322 2.66065 3.57964 4.67469 5.98553 7.49675 7.97056
6.915 1.09798 1.79235 2.65946 3.58328 4.67882 5.99063 7.50059 7.97482
6.92 1.10501 1.79149 2.65822 3.58754 4.68292 5.99511 7.50436 7.97883
6.925 1.11085 1.79119 2.65738 3.59241 4.68695 5.99891 7.5081 7.98257
6.93 1.11532 1.79198 2.65736 3.59779 4.69087 6.00203 7.51187 7.98599
6.935 1.11837 1.79427 2.65844 3.60358 4.69468 6.00451 7.51567 7.98908
6.94 1.12017 1.79833 2.66081 3.6096 4.69836 6.00649 7.51949 7.99184
6.945 1.12109 1.8042 2.66453 3.61567 4.70193 6.0081 7.5233 7.99429
6.95 1.12162 1.81169 2.66952 3.6216 4.7054 6.00953 7.52704 7.99649
6.955 1.12238 1.82043 2.67561 3.62721 4.70875 6.01098 7.53066 7.99853
6.96 1.12397 1.82987 2.68254 3.63234 4.71199 6.01265 7.53409 8.00053
6.965 1.12692 1.8394 2.68999 3.6369 4.71509 6.01473 7.53731 8.00262
6.97 1.13159 1.84838 2.69763 3.64082 4.71804 6.01736 7.54031 8.00493
6.975 1.13818 1.85626 2.70512 3.6441 4.72082 6.02069 7.54311 8.00758
6.98 1.14663 1.86268 2.71214 3.64679 4.72343 6.02477 7.5458 8.01067
6.985 1.15672 1.86742 2.71845 3.64897 4.7259 6.02962 7.54846 8.01426
6.99 1.16804 1.87054 2.72388 3.65078 4.72828 6.0352 7.55124 8.01836
6.995 1.18007 1.87229 2.72833 3.65237 4.73066 6.04137 7.55426 8.02294
7 1.1923 1.87308 2.73179 3.65391 4.73315 6.04797 7.55765 8.02795
7.005 1.20423 1.87348 2.73433 3.65557 4.73588 6.05477 7.56152 8.03326
7.01 1.21547 1.87406 2.73608 3.6575 4.73898 6.06151 7.56592 8.03877
7.015 1.22573 1.87538 2.73724 3.65983 4.74257 6.06794 7.57088 8.04434
7.02 1.23488 1.87789 2.73803 3.66267 4.74672 6.07382 7.57633 8.04985
7.025 1.24292 1.88187 2.73867 3.66609 4.75147 6.07893 7.58219 8.05517
7.03 1.24994 1.88742 2.73941 3.67009 4.7568 6.08317 7.58832 8.06023
7.035 1.25609 1.89443 2.74045 3.67467 4.76263 6.08648 7.59454 8.06496
7.04 1.26157 1.90264 2.74197 3.67976 4.76884 6.08893 7.60067 8.06934
7.045 1.26657 1.91163 2.74407 3.68525 4.77524 6.09065 7.60652 8.07337
7.05 1.27128 1.9209 2.74684 3.69102 4.78165 6.09187 7.61193 8.07707
7.055 1.27584 1.92995 2.75027 3.6969 4.78786 6.09287 7.61677 8.08048
7.06 1.2804 1.93832 2.75431 3.70272 4.79368 6.09395 7.62096 8.08364
7.065 1.28507 1.94567 2.75884 3.70831 4.79896 6.0954 7.62445 8.0866
7.07 1.28995 1.9518 2.76372 3.7135 4.80356 6.09746 7.62727 8.0894
7.075 1.29513 1.95666 2.76878 3.71815 4.8074 6.1003 7.62948 8.0921
7.08 1.30067 1.96038 2.77384 3.72218 4.81048 6.10401 7.6312 8.09473
7.085 1.30663 1.96321 2.77872 3.72554 4.81282 6.10854 7.63256 8.09735
7.09 1.31302 1.96549 2.7833 3.72824 4.81451 6.11378 7.63373 8.1
7.095 1.31981 1.9676 2.7875 3.73036 4.81568 6.11952 7.63488 8.10275
7.1 1.32692 1.96992 2.7913 3.73202 4.81649 6.12549 7.63618 8.10567
7.105 1.33423 1.97276 2.79477 3.7334 4.81714 6.13139 7.6378 8.10884
7.11 1.34158 1.97633 2.798 3.73469 4.81784 6.13695 7.63986 8.11234
7.115 1.34881 1.98071 2.80116 3.73612 4.81878 6.14193 7.64248 8.11625
7.12 1.35574 1.98589 2.80443 3.73786 4.82017 6.14617 7.64572 8.12063
7.125 1.36223 1.99173 2.808 3.74008 4.82217 6.1496 7.64961 8.12551
7.13 1.3682 1.99803 2.81199 3.74288 4.82488 6.15226 7.65414 8.13088
7.135 1.37362 2.00455 2.81649 3.74629 4.82838 6.15428 7.65927 8.13669
7.14 1.37852 2.01107 2.8215 3.75029 4.83266 6.15588 7.66489 8.14285
7.145 1.383 2.01739 2.82694 3.7548 4.83768 6.15732 7.67091 8.14921
7.15 1.38723 2.02341 2.83263 3.75968 4.84332 6.15889 7.67719 8.15559
7.155 1.3914 2.0291 2.83835 3.76477 4.84942 6.16086 7.68359 8.1618
7.16 1.39573 2.0345 2.84385 3.76993 4.85579 6.16347 7.68995 8.16763
7.165 1.40044 2.03973 2.84888 3.775 4.86225 6.16686 7.69614 8.17291
7.17 1.40575 2.04493 2.85323 3.77986 4.86859 6.1711 7.70203 8.17749
7.175 1.41186 2.05023 2.85676 3.78446 4.87463 6.17613 7.70752 8.18129
7.18 1.41891 2.05574 2.85944 3.78877 4.88023 6.18183 7.71254 8.1843
7.185 1.42698 2.06147 2.86132 3.79279 4.8853 6.18799 7.71704 8.18657
7.19 1.4361 2.06737 2.86255 3.79658 4.88976 6.19436 7.721 8.18822
7.195 1.44619 2.07331 2.86335 3.80021 4.89362 6.20067 7.72445 8.18945
7.2 1.45708 2.07908 2.86399 3.80376 4.89689 6.20667 7.72744 8.19047
7.205 1.4685 2.08446 2.86474 3.80729 4.89965 6.21217 7.73002 8.19152
7.21 1.48011 2.08924 2.86584 3.81087 4.90199 6.21702 7.73231 8.19282
7.215 1.49149 2.09327 2.86749 3.81453 4.90401 6.22118 7.73439 8.19457
7.22 1.50219 2.0965 2.8698 3.81829 4.90583 6.22467 7.73638 8.19691
7.225 1.51179 2.09897 2.87283 3.82214 4.90757 6.2276 7.73838 8.19992
7.23 1.51993 2.10084 2.87656 3.82606 4.90934 6.23012 7.74051 8.20361
7.235 1.52638 2.10239 2.88089 3.83001 4.91126 6.23242 7.74283 8.20794
7.24 1.53104 2.10394 2.88571 3.83393 4.91343 6.2347 7.74542 8.21282
7.245 1.53402 2.10582 2.89089 3.83778 4.91592 6.23712 7.74832 8.2181
7.25 1.53558 2.10833 2.89629 3.8415 4.91882 6.23982 7.75153 8.22364
7.255 1.53614 2.11169 2.90178 3.84505 4.92216 6.24289 7.75504 8.22928
7.26 1.53625 2.116 2.90728 3.84838 4.92598 6.24636 7.75882 8.23488
7.265 1.53648 2.12123 2.91273 3.85146 4.93026 6.2502 7.76284 8.24031
7.27 1.5374 2.12724 2.91809 3.85429 4.93499 6.25432 7.76703 8.24548
7.275 1.53949 2.13379 2.92333 3.85689 4.94009 6.25863 7.77135 8.25031
7.28 1.54312 2.14059 2.92843 3.85928 4.94549 6.26298 7.77577 8.25478
7.285 1.54845 2.14734 2.93338 3.86154 4.95107 6.26726 7.78025 8.25888
7.29 1.55548 2.1538 2.93815 3.86374 4.95671 6.27134 7.78479 8.26262
7.295 1.56402 2.15979 2.9427 3.86599 4.96226 6.27514 7.78939 8.26606
7.3 1.57373 2.16521 2.94699 3.8684 4.96761 6.27863 7.79407 8.26925
7.305 1.58416 2.17007 2.95096 3.87107 4.97263 6.28179 7.79883 8.27228
7.31 1.5948 2.17446 2.95458 3.87412 4.97724 6.28468 7.80368 8.27524
7.315 1.60512 2.17853 2.95781 3.87761 4.98138 6.28738 7.80863 8.27824
7.32 1.61466 2.18245 2.96065 3.88158 4.98503 6.29 7.81364 8.28136
7.325 1.62305 2.18636 2.96314 3.88603 4.98822 6.29268 7.81867 8.28471
7.33 1.63004 2.19039 2.96535 3.89093 4.991 6.29554 7.82365 8.28836
7.335 1.63554 2.19461 2.96738 3.89618 4.99344 6.29872 7.82849 8.29234
7.34 1.63961 2.19903 2.96939 3.90169 4.99563 6.30229 7.83312 8.29667
7.345 1.64244 2.20362 2.97154 3.90732 4.99768 6.30631 7.83745 8.30133
7.35 1.64434 2.20832 2.97401 3.91293 4.99969 6.3108 7.84141 8.30626
7.355 1.64572 2.21305 2.97697 3.91839 5.00174 6.31569 7.84497 8.31137
7.36 1.647 2.21774 2.98055 3.92359 5.00392 6.32092 7.84813 8.31655
7.365 1.64861 2.22235 2.98487 3.92842 5.00629 6.32634 7.85093 8.32168
7.37 1.65093 2.22687 2.98997 3.93283 5.0089 6.33181 7.85345 8.32664
7.375 1.65426 2.23131 2.99584 3.93679 5.01179 6.33717 7.85577 8.33134
7.38 1.65875 2.23574 3.0024 3.94029 5.01498 6.34226 7.85804 8.33569
7.385 1.66447 2.2402 3.00954 3.94337 5.0185 6.34694 7.86038 8.33966
7.39 1.67133 2.24476 3.01706 3.94607 5.02235 6.35112 7.8629 8.34325
7.395 1.67914 2.24948 3.02478 3.94845 5.02653 6.35473 7.86572 8.34649
7.4 1.68759 2.25439 3.03245 3.95058 5.03101 6.3578 7.8689 8.34946
7.405 1.69634 2.25951 3.03985 3.95253 5.03576 6.36036 7.87246 8.35223
7.41 1.705 2.26483 3.04677 3.95438 5.0407 6.36253 7.87639 8.35491
7.415 1.71321 2.27033 3.05301 3.95619 5.04576 6.36443 7.88066 8.35759
7.42 1.72065 2.27598 3.05842 3.95801 5.05085 6.36626 7.88517 8.36035
7.425 1.72709 2.28175 3.06288 3.95991 5.05586 6.36816 7.88983 8.36324
7.43 1.7324 2.28762 3.06633 3.96193 5.06071 6.37034 7.89455 8.36629
7.435 1.73661 2.29358 3.06875 3.96412 5.06531 6.37292 7.89924 8.36951
7.44 1.73983 2.29963 3.07017 3.96651 5.06961 6.37603 7.90381 8.37287
7.445 1.74234 2.30579 3.07069 3.96916 5.07357 6.37975 7.90824 8.37633
7.45 1.74449 2.31206 3.07046 3.97211 5.07721 6.38409 7.91249 8.37986
7.455 1.74668 2.31842 3.0697 3.97541 5.08055 6.38902 7.91657 8.38339
7.46 1.74934 2.32485 3.06867 3.97909 5.08366 6.39447 7.92053 8.3869
7.465 1.75284 2.33128 3.06768 3.98321 5.08661 6.40032 7.9244 8.39034
7.47 1.75747 2.33759 3.06706 3.98779 5.08951 6.4064 7.92823 8.39374
7.475 1.76337 2.34367 3.06713 3.99281 5.09244 6.41253 7.93207 8.39709
7.48 1.77051 2.34933 3.0682 3.99825 5.09547 6.41854 7.93595 8.40045
7.485 1.77871 2.35444 3.07051 4.00403 5.09868 6.42425 7.93989 8.40386
7.49 1.78763 2.35884 3.07423 4.01005 5.10209 6.42948 7.94388 8.4074
7.495 1.79683 2.36244 3.0794 4.01615 5.10572 6.43411 7.9479 8.41113
7.5 1.8058 2.3652 3.08597 4.02213 5.10956 6.43806 7.95189 8.41512
7.505 1.81407 2.36719 3.09374 4.02782 5.11356 6.44128 7.9558 8.41941
7.51 1.82126 2.36854 3.10244 4.033 5.11767 6.44382 7.95957 8.42404
7.515 1.82712 2.36946 3.11167 4.03752 5.12182 6.44574 7.96316 8.42899
7.52 1.8316 2.37025 3.12102 4.04126 5.12594 6.44718 7.96653 8.43424
7.525 1.83479 2.37124 3.13005 4.04417 5.12995 6.44832 7.96966 8.43971
7.53 1.837 2.37274 3.13838 4.04629 5.13379 6.44935 7.97257 8.4453
7.535 1.83864 2.37506 3.14566 4.04773 5.1374 6.45049 7.9753 8.4509
7.54 1.84019 2.37842 3.15168 4.04869 5.14076 6.45195 7.97793 8.45637
7.545 1.84214 2.38294 3.15632 4.04942 5.14385 6.45391 7.98054 8.46159
7.55 1.84492 2.38864 3.15959 4.05021 5.14668 6.45651 7.98324 8.46646
7.555 1.84884 2.39541 3.1616 4.05133 5.14931 6.45983 7.98614 8.47088
7.56 1.85408 2.40305 3.16256 4.05303 5.15181 6.46387 7.98934 8.47483
7.565 1.86062 2.41128 3.16272 4.05549 5.15426 6.46859 7.99291 8.47829
7.57 1.86829 2.41975 3.16238 4.05881 5.15679 6.47386 7.9969 8.48132
7.575 1.8768 2.42811 3.16184 4.063 5.15952 6.47952 8.00131 8.48401
7.58 1.88572 2.43605 3.16137 4.06799 5.16256 6.48538 8.00612 8.48648
7.585 1.89457 2.44329 3.16119 4.07361 5.16601 6.49122 8.01126 8.48885
7.59 1.90289 2.44966 3.16152 4.07966 5.16995 6.49687 8.01661 8.49129
7.595 1.91026 2.45504 3.16247 4.08591 5.17441 6.50215 8.02207 8.49392
7.6 1.91638 2.45944 3.16415 4.09214 5.17935 6.50696 8.0275 8.49685
7.605 1.92109 2.46295 3.16661 4.09814 5.18471 6.51125 8.03278 8.50016
7.61 1.92442 2.46569 3.1699 4.10376 5.19033 6.51505 8.03781 8.50389
7.615 1.92656 2.46788 3.17399 4.10892 5.19606 6.51842 8.04251 8.50803
7.62 1.9279 2.46973 3.17889 4.11357 5.20167 6.52149 8.04686 8.51255
7.625 1.92891 2.47145 3.18455 4.11773 5.20696 6.52441 8.05084 8.51736
7.63 1.93018 2.47323 3.1909 4.12146 5.21173 6.52732 8.0545 8.52234
7.635 1.93224 2.47525 3.19785 4.12481 5.21585 6.53038 8.05788 8.52736
7.64 1.93555 2.47762 3.20527 4.12788 5.21924 6.53368 8.06105 8.53228
7.645 1.94044 2.48042 3.21302 4.13072 5.2219 6.53729 8.06408 8.53695
7.65 1.94699 2.4837 3.22091 4.13339 5.22391 6.54121 8.06704 8.54125
7.655 1.95509 2.48745 3.22872 4.13593 5.22546 6.54538 8.06996 8.5451
7.66 1.96439 2.49168 3.23623 4.13836 5.22675 6.54972 8.07287 8.54844
7.665 1.97436 2.49636 3.24322 4.14069 5.22805 6.55408 8.07578 8.55127
7.67 1.98439 2.50145 3.2495 4.14295 5.22961 6.55832 8.07868 8.55363
7.675 1.99382 2.50695 3.2549 4.14517 5.23166 6.5623 8.08156 8.55564
7.68 2.00207 2.51282 3.25932 4.14741 5.23437 6.56591 8.08441 8.55743
7.685 2.00872 2.51903 3.26274 4.14974 5.23783 6.56907 8.08723 8.55918
7.69 2.01355 2.52555 3.26519 4.15226 5.24203 6.57178 8.09005 8.56107
7.695 2.01659 2.53231 3.26681 4.15507 5.24689 6.57408 8.0929 8.5633
7.7 2.01809 2.53924 3.2678 4.15827 5.25226 6.57609 8.09586 8.56601
7.705 2.01849 2.54622 3.26842 4.16194 5.25791 6.57797 8.099 8.56931
7.71 2.01837 2.55311 3.26899 4.16612 5.26362 6.5799 8.10242 8.57326
7.715 2.01836 2.55976 3.26981 4.17082 5.26914 6.58209 8.1062 8.57783
7.72 2.01909 2.56601 3.27117 4.176 5.27427 6.58473 8.11042 8.58294
7.725 2.02106 2.57174 3.27332 4.18156 5.27884 6.58796 8.11512 8.58847
7.73 2.02462 2.57685 3.27641 4.18737 5.28275 6.59189 8.12029 8.59423
7.735 2.02995 2.5813 3.28052 4.19327 5.28596 6.59654 8.1259 8.60004
7.74 2.037 2.5851 3.28561 4.19908 5.28848 6.60188 8.13184 8.60571
7.745 2.04556 2.58835 3.29155 4.20464 5.29041 6.60778 8.13799 8.61109
7.75 2.05522 2.59118 3.29812 4.20981 5.29187 6.61407 8.14417 8.61607
7.755 2.0655 2.59376 3.30505 4.21449 5.29305 6.62053 8.15018 8.62059
7.76 2.07586 2.59627 3.31206 4.2186 5.29413 6.6269 8.15582 8.62466
7.765 2.08574 2.59886 3.31885 4.22216 5.29533 6.63296 8.16092 8.62833
7.77 2.09468 2.60165 3.32518 4.2252 5.29684 6.63849 8.16533 8.63169
7.775 2.10231 2.60471 3.33087 4.2278 5.29885 6.64332 8.16896 8.63488
7.78 2.10842 2.60803 3.33584 4.23008 5.30149 6.64736 8.17179 8.63799
7.785 2.11296 2.61158 3.34006 4.23215 5.30486 6.65059 8.17386 8.64115
7.79 2.11604 2.61526 3.3436 4.23414 5.30903 6.65306 8.17529 8.64442
7.795 2.11792 2.61901 3.34659 4.23614 5.31396 6.6549 8.17626 8.64784
7.8 2.11896 2.62277 3.34917 4.23824 5.31959 6.65627 8.17697 8.65143
7.805 2.1196 2.6265 3.35151 4.24048 5.32581 6.65737 8.17769 8.65513
7.81 2.12028 2.63026 3.35378 4.24289 5.33243 6.65843 8.17863 8.65891
7.815 2.1214 2.6341 3.35608 4.24547 5.33928 6.65963 8.18003 8.6627
7.82 2.12329 2.63817 3.35851 4.24819 5.34612 6.66116 8.18206 8.66644
7.825 2.12617 2.64258 3.36112 4.25105 5.35275 6.66313 8.18484 8.67008
7.83 2.13014 2.64747 3.36391 4.25401 5.35897 6.66564 8.18842 8.67363
7.835 2.13516 2.65289 3.36689 4.25709 5.36459 6.6687 8.19277 8.67708
7.84 2.14112 2.65887 3.37002 4.2603 5.3695 6.67232 8.19783 8.68048
7.845 2.14781 2.66532 3.37328 4.26368 5.37358 6.67645 8.20345 8.68387
7.85 2.15499 2.67212 3.37667 4.26727 5.37682 6.68103 8.20948 8.68732
7.855 2.16239 2.67906 3.38018 4.27113 5.37923 6.68598 8.21572 8.69088
7.86 2.16979 2.6859 3.38383 4.2753 5.38087 6.69122 8.22199 8.69458
7.865 2.17699 2.69241 3.38762 4.27983 5.38186 6.69668 8.22813 8.69844
7.87 2.18383 2.69839 3.39159 4.2847 5.38239 6.70228 8.23397 8.70244
7.875 2.19023 2.70371 3.39573 4.28987 5.38264 6.70794 8.23941 8.70653
7.88 2.19616 2.70829 3.40005 4.29527 5.38285 6.71359 8.24437 8.71066
7.885 2.20164 2.7122 3.40452 4.30078 5.38327 6.71914 8.24882 8.71475
7.89 2.20673 2.71553 3.40912 4.30625 5.38413 6.72452 8.25275 8.71873
7.895 2.21149 2.71848 3.4138 4.31153 5.38564 6.72962 8.2562 8.72256
7.9 2.21602 2.72127 3.41853 4.31649 5.38797 6.73435 8.25921 8.72621
7.905 2.2204 2.72415 3.42327 4.32099 5.39122 6.73864 8.26186 8.72968
7.91 2.2247 2.72731 3.42799 4.32498 5.39543 6.7424 8.26426 8.73303
7.915 2.22899 2.73092 3.43269 4.32841 5.40054 6.7456 8.2665 8.73632
7.92 2.23329 2.73509 3.43738 4.33133 5.40642 6.74823 8.2687 8.73965
7.925 2.23762 2.73981 3.44207 4.33383 5.41288 6.75032 8.27098 8.74313
7.93 2.24198 2.74504 3.44676 4.33602 5.41966 6.75195 8.27346 8.74685
7.935 2.24635 2.75064 3.45147 4.33806 5.4265 6.75325 8.27623 8.75088
7.94 2.25071 2.75642 3.45618 4.34011 5.43312 6.75438 8.27936 8.75526
7.945 2.25504 2.7622 3.46085 4.3423 5.43927 6.75551 8.28292 8.75995
7.95 2.25931 2.76778 3.46544 4.34475 5.44478 6.75683 8.28689 8.76488
7.955 2.26355 2.77299 3.46985 4.34755 5.44953 6.75854 8.29124 8.76994
7.96 2.26775 2.77772 3.474 4.35075 5.45349 6.76078 8.2959 8.77495
7.965 2.27195 2.78193 3.47782 4.35436 5.45671 6.76368 8.30074 8.77975
7.97 2.27618 2.78566 3.48122 4.35836 5.45929 6.76728 8.30561 8.78416
7.975 2.2805 2.78899 3.48419 4.36273 5.46141 6.7716 8.31036 8.78805
7.98 2.28495 2.79207 3.48674 4.36742 5.46324 6.77658 8.31484 8.79133
7.985 2.28955 2.79508 3.48893 4.37238 5.46496 6.7821 8.31893 8.79398
7.99 2.29433 2.79821 3.49087 4.37756 5.46674 6.788 8.32254 8.79605
7.995 2.29931 2.80162 3.49273 4.38289 5.46869 6.7941 8.32565 8.79768
