0 0 0 0.000134831 0.000134831
0.005 0 0 0.000398708 0.000398708
0.01 0 0 0.000780546 0.000780546
0.015 0 0 0.00126491 0.00126491
0.02 0 0 0.00183328 0.00183328
0.025 0 0 0.00246562 0.00246562
0.03 0 0 0.00314197 0.00314197
0.035 0 0 0.00384406 0.00384406
0.04 0 0 0.00455663 0.00455663
0.045 0 0 0.00526855 0.00526856
0.05 0 0 0.0059735 0.0059735
0.055 0 0 0.00667012 0.00667013
0.06 0 0 0.00736186 0.00736188
0.065 0 0 0.00805627 0.00805633
0.07 0 0 0.00876409 0.00876421
0.075 0 0 0.00949799 0.00949826
0.08 0 0 0.0102713 0.0102719
0.085 0 0 0.0110969 0.0110979
0.09 0 0 0.0119856 0.0119874
0.095 0 0 0.012946 0.0129491
0.1 0 0 0.0139834 0.0139887
0.105 0 0 0.0150998 0.0151084
0.11 0 0 0.0162942 0.0163079
0.115 0 0 0.0175629 0.0175842
0.12 0 0 0.0189004 0.0189326
0.125 0 0 0.0203003 0.0203479
0.13 0 0 0.0217561 0.021825
0.135 0 0 0.0232623 0.0233601
0.14 0 0 0.024815 0.0249513
0.145 0 0 0.0264126 0.0265992
0.15 0 0 0.0280556 0.0283071
0.155 0 0 0.0297473 0.0300812
0.16 0 0 0.0314928 0.0319297
0.165 0 0 0.033299 0.033863
0.17 0 0 0.0351737 0.0358923
0.175 0 0 0.0371249 0.0380294
0.18 0 0 0.0391602 0.0402856
0.185 0 0 0.0412859 0.042671
0.19 0 0 0.0435072 0.0451942
0.195 0 0 0.0458273 0.047862
0.2 0 0 0.0482477 0.0506791
0.205 0 0 0.0507688 0.0536487
0.21 0 0 0.0533895 0.0567727
0.215 0 0 0.0561084 0.060052
0.22 0 0 0.0589241 0.0634874
0.225 0 0 0.0618357 0.0670803
0.23 0 0 0.0648436 0.0708328
0.235 0 0 0.0679493 0.0747485
0.24 0 0 0.0711559 0.0788324
0.245 0 0 0.0744679 0.0830911
0.25 0 0 0.0778912 0.0875328
0.255 0 0 0.0814322 0.0921664
0.26 0 0 0.085098 0.0970021
0.265 0 0 0.0888952 0.10205
0.27 0 0 0.0928303 0.10732
0.275 0 0 0.0969089 0.112822
0.28 0 0 0.101135 0.118565
0.285 0 0 0.105513 0.124558
0.29 0 0 0.110046 0.13081
0.295 0 0 0.114736 0.137328
0.3 0 0 0.119586 0.144121
0.305 0 0 0.124599 0.151199
0.31 0 0 0.129781 0.158572
0.315 0 0 0.135135 0.166253
0.32 0 0 0.140672 0.174256
0.325 0 0 0.146399 0.182597
0.33 0 0 0.152328 0.191294
0.335 0 0 0.158472 0.200366
0.34 0 0 0.164843 0.209834
0.345 0 0 0.171455 0.219718
0.35 0 0 0.178323 0.230042
0.355 0 0 0.185459 0.240825
0.36 0 0 0.192876 0.25209
0.365 0 0 0.200584 0.263856
0.37 0 0 0.208596 0.276144
0.375 0 0 0.216918 0.288972
0.38 0 0 0.225561 0.302361
0.385 0 0 0.234533 0.31633
0.39 0 0 0.243842 0.330899
0.395 0 0 0.253498 0.346088
0.4 0 0 0.263512 0.361922
0.405 0 0 0.273896 0.378425
0.41 0 0 0.284664 0.395622
0.415 0 0 0.295833 0.413544
0.42 0 0 0.30742 0.432005
0.425 0 0 0.319444 0.450735
0.43 0 0 0.331927 0.469486
0.435 0 0 0.344889 0.488045
0.44 0 0 0.358351 0.506244
0.445 0 0 0.372335 0.523973
0.45 0 0 0.386812 0.541174
0.455 0 0 0.401734 0.557844
0.46 0 0 0.417039 0.574026
0.465 0 0 0.432558 0.589797
0.47 0 0 0.448129 0.605258
0.475 0 0 0.463612 0.620519
0.48 0 0 0.478868 0.635682
0.485 0 0 0.49376 0.650836
0.49 0 0 0.508194 0.666042
0.495 0 0 0.522122 0.681329
0.5 0 0 0.535535 0.696694
0.505 0 0 0.548464 0.712099
0.51 0 0 0.56097 0.727486
0.515 0 0 0.573133 0.742776
0.52 0 0 0.585045 0.757884
0.525 0 0 0.596796 0.772728
0.53 0 0 0.608465 0.787239
0.535 0 0 0.620115 0.801369
0.54 0 0 0.631787 0.815093
0.545 0 0 0.643495 0.828416
0.55 0 0 0.65523 0.841367
0.555 0 0 0.666961 0.853998
0.56 0 0 0.67864 0.866373
0.565 0 0 0.690207 0.878565
0.57 0 0 0.701601 0.890643
0.575 0 0 0.712761 0.902666
0.58 0 0 0.723638 0.914677
0.585 0 0 0.734195 0.926694
0.59 0 0 0.744413 0.938715
0.595 0 0 0.754291 0.950711
0.6 0 0 0.763845 0.962637
0.605 0 0 0.773106 0.974433
0.61 0 0 0.782118 0.986033
0.615 0 0 0.790928 0.997374
0.62 0 0 0.799585 1.0084
0.625 0 0 0.808134 1.01908
0.63 0 0 0.816612 1.02938
0.635 0 0 0.825042 1.03932
0.64 0 0 0.833434 1.04892
0.645 0 0 0.841783 1.05823
0.65 0 0 0.850072 1.06729
0.655 0 0 0.858274 1.07618
0.66 0 0 0.866353 1.08494
0.665 0 0 0.874271 1.09363
0.67 0 0 0.881993 1.10228
0.675 0 0 0.88949 1.11091
0.68 0 0 0.896743 1.11952
0.685 0 0 0.903748 1.12808
0.69 0 0 0.910515 1.13654
0.695 0 0 0.917072 1.14487
0.7 0 0 0.92346 1.15298
0.705 0 0 0.929735 1.16084
0.71 0 0 0.935962 1.16838
0.715 0 0 0.942211 1.17557
0.72 0 0 0.948554 1.18239
0.725 0 0 0.955053 1.18884
0.73 0 0 0.961762 1.19495
0.735 0 0 0.968717 1.20074
0.74 0 0 0.975934 1.20628
0.745 0 0 0.983407 1.21161
0.75 0 0 0.991104 1.21682
0.755 0 0 0.998973 1.22194
0.76 0 0 1.00694 1.22704
0.765 0 0 1.01491 1.23216
0.77 0 0 1.0228 1.23732
0.775 0 0 1.03049 1.24254
0.78 0 0 1.03789 1.24785
0.785 0 0 1.04491 1.25326
0.79 0 0 1.05149 1.25877
0.795 0 0.00397911 1.05756 1.26442
0.8 0 0.0108005 1.06313 1.2702
0.805 0 0.0201569 1.06819 1.27616
0.81 0 0.0315407 1.07281 1.2823
0.815 0 0.0442914 1.07705 1.28863
0.82 0 0.0576547 1.08103 1.29515
0.825 0 0.0708479 1.08488 1.30183
0.83 0 0.083126 1.08873 1.3086
0.835 0 0.0938431 1.09273 1.3154
0.84 0 0.102503 1.09703 1.32212
0.845 0 0.108797 1.10173 1.32863
0.85 0 0.116265 1.10693 1.33482
0.855 0 0.123897 1.11269 1.34057
0.86 0 0.131774 1.119 1.34581
0.865 0 0.139986 1.12584 1.35047
0.87 0 0.148619 1.1331 1.35457
0.875 0 0.15774 1.14066 1.35817
0.88 0 0.16738 1.14838 1.36138
0.885 0 0.177525 1.15606 1.36435
0.89 0 0.188106 1.16353 1.36724
0.895 0 0.199005 1.17061 1.37024
0.9 0 0.210058 1.17716 1.37346
0.905 0 0.221069 1.18306 1.37701
0.91 0 0.23183 1.18824 1.38088
0.915 0 0.242164 1.1927 1.38503
0.92 0 0.25195 1.19649 1.38932
0.925 0 0.261133 1.1997 1.39359
0.93 0 0.269723 1.20248 1.39761
0.935 0 0.277791 1.205 1.40121
0.94 0 0.285455 1.20746 1.40421
0.945 0 0.292858 1.21003 1.40652
0.95 0 0.30014 1.21287 1.40811
0.955 0 0.307444 1.2161 1.40904
0.96 0 0.31491 1.21978 1.40942
0.965 0 0.322657 1.22389 1.40943
0.97 0 0.330778 1.22837 1.40925
0.975 0 0.339328 1.23309 1.40906
0.98 0 0.348315 1.2379 1.40901
0.985 0 0.357703 1.2426 1.4092
0.99 0 0.367408 1.24701 1.40967
0.995 0 0.377304 1.25097 1.41042
1 0 0.387235 1.25436 1.41137
1.005 0 0.397033 1.25711 1.41243
1.01 0 0.406533 1.25922 1.41349
1.015 0 0.41555 1.26074 1.41442
1.02 0 0.423913 1.26178 1.41512
1.025 0 0.431519 1.26248 1.41554
1.03 0 0.438346 1.26302 1.41566
1.035 0 0.444451 1.26358 1.41553
1.04 0 0.449959 1.26434 1.41529
1.045 0 0.455048 1.26546 1.41513
1.05 0 0.459925 1.26706 1.41533
1.055 0 0.464803 1.26924 1.41617
1.06 0 0.469877 1.27202 1.41795
1.065 0 0.475309 1.27539 1.42094
1.07 0 0.481213 1.27931 1.42527
1.075 0 0.487648 1.28367 1.43096
1.08 0 0.494616 1.28833 1.43783
1.085 0 0.502035 1.29317 1.44554
1.09 0 0.509766 1.29802 1.4536
1.095 0 0.517636 1.30276 1.46142
1.1 0 0.525446 1.30728 1.46841
1.105 0 0.532994 1.31152 1.47409
1.11 0 0.540087 1.31544 1.47812
1.115 0 0.546566 1.31907 1.48042
1.12 0 0.552325 1.32245 1.48115
1.125 0 0.55733 1.32564 1.48073
1.13 0 0.561624 1.3287 1.47973
1.135 0 0.56533 1.33169 1.47881
1.14 0 0.568637 1.33464 1.47857
1.145 0 0.571774 1.33756 1.47949
1.15 0 0.574981 1.34043 1.48182
1.155 0 0.578475 1.34321 1.48557
1.16 0 0.582417 1.34587 1.49051
1.165 0 0.58689 1.34838 1.49625
1.17 0 0.591894 1.35071 1.5023
1.175 0 0.59735 1.3529 1.50821
1.18 0 0.603121 1.35497 1.51361
1.185 0 0.609041 1.35699 1.51827
1.19 0 0.614941 1.35904 1.52214
1.195 0 0.620677 1.3612 1.52532
1.2 0 0.626148 1.36352 1.52801
1.205 0 0.631298 1.36604 1.53045
1.21 0 0.636113 1.36877 1.53284
1.215 0 0.640607 1.37169 1.53536
1.22 0 0.644811 1.37473 1.53809
1.225 0 0.648759 1.37781 1.54102
1.23 0 0.652487 1.38085 1.54412
1.235 0 0.656037 1.38374 1.54728
1.24 0 0.659465 1.38639 1.55039
1.245 0 0.662849 1.38873 1.55333
1.25 0 0.666298 1.39071 1.55596
1.255 0 0.669947 1.39229 1.55813
1.26 0 0.673943 1.39349 1.55968
1.265 0 0.678422 1.39434 1.56045
1.27 0 0.683481 1.3949 1.5603
1.275 0 0.689149 1.39528 1.55919
1.28 0 0.695368 1.39559 1.55718
1.285 0 0.70199 1.39597 1.55452
1.29 0 0.708793 1.39658 1.5516
1.295 0 0.715505 1.39756 1.54893
1.3 0 0.721853 1.39902 1.54709
1.305 0 0.727603 1.40105 1.54658
1.31 0 0.732602 1.40368 1.54773
1.315 0 0.736804 1.40691 1.5506
1.32 0 0.740275 1.41064 1.55489
1.325 0 0.743175 1.41475 1.56
1.33 0 0.745735 1.41908 1.56509
1.335 0 0.748208 1.42342 1.56921
1.34 0 0.750828 1.42761 1.57154
1.345 0 0.753776 1.43149 1.5715
1.35 0 0.75716 1.43493 1.56892
1.355 0 0.761003 1.43789 1.5641
1.36 0 0.765262 1.44038 1.55779
1.365 0 0.769846 1.44247 1.55103
1.37 0 0.77464 1.44429 1.54501
1.375 0 0.779532 1.446 1.54082
1.38 0.00479196 0.784432 1.44774 1.53926
1.385 0.0112284 0.78927 1.44969 1.54075
1.39 0.019211 0.794002 1.45194 1.54519
1.395 0.0286469 0.798595 1.45456 1.55209
1.4 0.0394273 0.803021 1.45756 1.56063
1.405 0.0514419 0.807247 1.46087 1.56983
1.41 0.0645879 0.811236 1.46441 1.5788
1.415 0.0787752 0.814958 1.46802 1.58678
1.42 0.0939274 0.818399 1.47154 1.59333
1.425 0.109981 0.821577 1.47482 1.59833
1.43 0.126885 0.824555 1.47772 1.60192
1.435 0.144599 0.827439 1.48014 1.60445
1.44 0.163093 0.830371 1.48204 1.60635
1.445 0.182354 0.833509 1.48342 1.60804
1.45 0.202381 0.836994 1.48435 1.60989
1.455 0.223188 0.840927 1.48494 1.61212
1.46 0.244807 0.845336 1.48534 1.61486
1.465 0.267278 0.850172 1.48573 1.61816
1.47 0.290648 0.855303 1.48628 1.62198
1.475 0.314967 0.860538 1.48717 1.62624
1.48 0.340277 0.865663 1.48855 1.63082
1.485 0.366613 0.870476 1.4905 1.63556
1.49 0.393989 0.87483 1.49309 1.64024
1.495 0.422311 0.878659 1.4963 1.64458
1.5 0.451199 0.881996 1.50004 1.64827
1.505 0.480192 0.884962 1.50418 1.65103
1.51 0.508864 0.887741 1.50856 1.65264
1.515 0.536841 0.890543 1.51298 1.65303
1.52 0.563816 0.893558 1.51724 1.65233
1.525 0.589557 0.896922 1.52118 1.6509
1.53 0.613898 0.900684 1.52467 1.64923
1.535 0.636742 0.904808 1.52764 1.64796
1.54 0.658049 0.909178 1.53007 1.64764
1.545 0.677833 0.913639 1.53202 1.64873
1.55 0.696154 0.918027 1.5336 1.65137
1.555 0.713115 0.922217 1.53491 1.65541
1.56 0.728855 0.926149 1.53611 1.6604
1.565 0.743538 0.929845 1.53731 1.66564
1.57 0.757345 0.933402 1.53861 1.67034
1.575 0.770457 0.936967 1.54008 1.6738
1.58 0.783037 0.9407 1.54173 1.67557
1.585 0.795219 0.944735 1.54356 1.67553
1.59 0.807093 0.949144 1.54553 1.67395
1.595 0.818703 0.95392 1.54761 1.67146
1.6 0.830056 0.958974 1.54974 1.66889
1.605 0.841125 0.964155 1.55191 1.66713
1.61 0.851879 0.969282 1.5541 1.66694
1.615 0.86229 0.974186 1.55633 1.66876
1.62 0.872355 0.978743 1.55861 1.67266
1.625 0.882103 0.982898 1.56101 1.6783
1.63 0.891592 0.986673 1.56355 1.68497
1.635 0.900898 0.990159 1.5663 1.6918
1.64 0.910105 0.993486 1.56929 1.69783
1.645 0.919279 0.996798 1.57254 1.70229
1.65 0.92846 1.00022 1.57606 1.70464
1.655 0.937652 1.00383 1.57983 1.70476
1.66 0.946825 1.00768 1.58378 1.70288
1.665 0.955926 1.01177 1.58785 1.69956
1.67 0.964892 1.01609 1.59193 1.6956
1.675 0.973671 1.02061 1.59589 1.69185
1.68 0.98223 1.02534 1.59959 1.68912
1.685 0.990567 1.03032 1.6029 1.68802
1.69 0.998704 1.03558 1.60572 1.6889
1.695 1.00668 1.04117 1.60797 1.69177
1.7 1.01452 1.04711 1.60964 1.69634
1.705 1.02226 1.05337 1.61076 1.70208
1.71 1.02989 1.05987 1.61145 1.70828
1.715 1.03739 1.06646 1.61185 1.71419
1.72 1.04472 1.073 1.61216 1.71912
1.725 1.05184 1.07935 1.61261 1.72255
1.73 1.05872 1.08542 1.61342 1.72422
1.735 1.06537 1.09123 1.61476 1.72416
1.74 1.07182 1.0969 1.6168 1.72271
1.745 1.07815 1.10268 1.61961 1.72049
1.75 1.08445 1.10885 1.62322 1.71828
1.755 1.09081 1.11573 1.62757 1.71693
1.76 1.09726 1.12356 1.63252 1.71721
1.765 1.10383 1.13248 1.6379 1.7197
1.77 1.11046 1.14247 1.64344 1.72462
1.775 1.11705 1.15332 1.64889 1.73183
1.78 1.12347 1.16469 1.65395 1.74081
1.785 1.1296 1.17618 1.65836 1.75069
1.79 1.13533 1.18734 1.6619 1.76043
1.795 1.14063 1.1978 1.66443 1.76891
1.8 1.14554 1.20735 1.66589 1.77518
1.805 1.15016 1.21592 1.66637 1.77859
1.81 1.15467 1.22362 1.66605 1.77889
1.815 1.15924 1.23068 1.66522 1.77633
1.82 1.16407 1.23742 1.66427 1.77159
1.825 1.16926 1.24413 1.66359 1.76573
1.83 1.17487 1.25106 1.66357 1.75999
1.835 1.18087 1.25831 1.66453 1.75565
1.84 1.18713 1.2659 1.66668 1.75378
1.845 1.1935 1.27369 1.67011 1.75515
1.85 1.19979 1.2815 1.67472 1.76001
1.855 1.2058 1.28912 1.68031 1.76814
1.86 1.21141 1.29638 1.68655 1.7788
1.865 1.21654 1.30316 1.69303 1.79086
1.87 1.22117 1.30945 1.69934 1.80293
1.875 1.22534 1.3153 1.70508 1.81356
1.88 1.22913 1.32081 1.70996 1.82145
1.885 1.23262 1.32611 1.71374 1.82561
1.89 1.23592 1.33132 1.71635 1.82554
1.895 1.23908 1.3365 1.71783 1.82129
1.9 1.24216 1.3417 1.71833 1.81353
1.905 1.24521 1.34694 1.71813 1.80342
1.91 1.24827 1.35221 1.71756 1.79252
1.915 1.2514 1.35754 1.71701 1.78255
1.92 1.25466 1.36299 1.71687 1.77519
1.925 1.25815 1.36861 1.71751 1.77177
1.93 1.26197 1.37448 1.71923 1.77313
1.935 1.2662 1.38065 1.72221 1.77941
1.94 1.27092 1.38713 1.72651 1.79006
1.945 1.27615 1.39383 1.73205 1.80388
1.95 1.28185 1.40059 1.7386 1.8192
1.955 1.28792 1.40719 1.74581 1.83412
1.96 1.29423 1.41339 1.75324 1.84681
1.965 1.30061 1.41893 1.76043 1.85584
1.97 1.3069 1.42368 1.76697 1.86034
1.975 1.31295 1.42759 1.77253 1.8602
1.98 1.31867 1.43075 1.77695 1.85602
1.985 1.32402 1.43339 1.7802 1.84903
1.99 1.329 1.43582 1.78244 1.84086
1.995 1.33368 1.43838 1.78398 1.83325
2 1.33812 1.4414 1.78519 1.82776
2.005 1.34242 1.44509 1.78649 1.82549
2.01 1.34664 1.44954 1.78826 1.82698
2.015 1.35082 1.45469 1.79079 1.83207
2.02 1.35496 1.46032 1.79424 1.84003
2.025 1.35904 1.46615 1.79865 1.84968
2.03 1.36302 1.47184 1.80395 1.85964
2.035 1.36688 1.47709 1.80997 1.86855
2.04 1.37059 1.48166 1.81649 1.8753
2.045 1.37416 1.48546 1.82327 1.87918
2.05 1.37765 1.48851 1.83013 1.87997
2.055 1.3811 1.49094 1.83689 1.87792
2.06 1.3846 1.493 1.84346 1.87368
2.065 1.3882 1.49495 1.84977 1.86819
2.07 1.39196 1.49706 1.85582 1.86254
2.075 1.39589 1.49958 1.86161 1.8578
2.08 1.39999 1.50267 1.8672 1.85488
2.085 1.40419 1.50644 1.87262 1.85449
2.09 1.40844 1.5109 1.87796 1.85702
2.095 1.41267 1.51601 1.88328 1.86251
2.1 1.41684 1.52168 1.88866 1.87068
2.105 1.42091 1.52778 1.89419 1.88091
2.11 1.42492 1.53417 1.89991 1.89234
2.115 1.4289 1.54067 1.90587 1.90391
2.12 1.43292 1.54712 1.91203 1.91453
2.125 1.43705 1.55334 1.91832 1.92314
2.13 1.44138 1.55915 1.92463 1.92892
2.135 1.44592 1.56441 1.93079 1.93138
2.14 1.4507 1.56899 1.93664 1.93045
2.145 1.45566 1.5728 1.94204 1.92655
2.15 1.46073 1.57584 1.94691 1.92053
2.155 1.46581 1.57814 1.95124 1.91356
2.16 1.47078 1.57986 1.95512 1.90698
2.165 1.47555 1.58117 1.95871 1.9021
2.17 1.48004 1.58234 1.96221 1.89999
2.175 1.48419 1.58362 1.96586 1.9013
2.18 1.488 1.58529 1.96984 1.90619
2.185 1.49147 1.58755 1.97429 1.91427
2.19 1.49465 1.59053 1.97924 1.92472
2.195 1.49756 1.59428 1.98465 1.9364
2.2 1.50025 1.59875 1.99037 1.94807
2.205 1.50275 1.60377 1.99622 1.95859
2.21 1.5051 1.60913 2.00202 1.96705
2.215 1.50731 1.61457 2.00759 1.97294
2.22 1.50942 1.61985 2.01282 1.97615
2.225 1.51148 1.62475 2.01768 1.97693
2.23 1.51356 1.62912 2.02219 1.97582
2.235 1.51574 1.63292 2.02644 1.97351
2.24 1.51814 1.63616 2.03055 1.97071
2.245 1.52087 1.63896 2.03462 1.96808
2.25 1.52402 1.64145 2.03876 1.96613
2.255 1.52766 1.64382 2.04301 1.96522
2.26 1.53183 1.64622 2.04741 1.96558
2.265 1.5365 1.6488 2.05193 1.96732
2.27 1.54158 1.65164 2.05657 1.97048
2.275 1.54697 1.65479 2.06128 1.97506
2.28 1.5525 1.65827 2.06607 1.98099
2.285 1.55799 1.66205 2.0709 1.98814
2.29 1.56329 1.66609 2.07578 1.99626
2.295 1.56823 1.67037 2.08066 2.00501
2.3 1.57267 1.67484 2.08549 2.0139
2.305 1.57652 1.67944 2.09018 2.02237
2.31 1.57971 1.68413 2.09461 2.02983
2.315 1.58223 1.68882 2.09862 2.03572
2.32 1.58411 1.6934 2.10209 2.03963
2.325 1.58541 1.69777 2.10489 2.04137
2.33 1.58625 1.70179 2.10697 2.04103
2.335 1.5868 1.70536 2.10837 2.03897
2.34 1.58727 1.70841 2.10919 2.0358
2.345 1.58788 1.71092 2.10963 2.03234
2.35 1.58889 1.71295 2.10993 2.02945
2.355 1.59053 1.71462 2.11036 2.028
2.36 1.59301 1.7161 2.11116 2.02869
2.365 1.59645 1.7176 2.11254 2.032
2.37 1.60092 1.71929 2.11463 2.03812
2.375 1.60637 1.72134 2.11747 2.04693
2.38 1.61266 1.72384 2.12102 2.05801
2.385 1.61955 1.72679 2.12521 2.07067
2.39 1.62677 1.73017 2.1299 2.08405
2.395 1.63396 1.73388 2.13494 2.0972
2.4 1.6408 1.73781 2.14022 2.10917
2.405 1.64696 1.74188 2.14563 2.11915
2.41 1.65221 1.74603 2.15106 2.12653
2.415 1.65638 1.75024 2.15648 2.131
2.42 1.65938 1.75452 2.16182 2.13262
2.425 1.66126 1.75891 2.16705 2.1318
2.43 1.66215 1.76345 2.17211 2.12927
2.435 1.66227 1.76811 2.17695 2.12603
2.44 1.66193 1.77287 2.18155 2.12319
2.445 1.66147 1.77759 2.18584 2.12185
2.45 1.66126 1.78215 2.18983 2.12293
2.455 1.66163 1.78638 2.1935 2.12702
2.46 1.66289 1.79013 2.19688 2.13431
2.465 1.66521 1.79331 2.20002 2.14453
2.47 1.6687 1.7959 2.20296 2.157
2.475 1.67331 1.79796 2.20576 2.17069
2.48 1.67887 1.79962 2.20845 2.1844
2.485 1.68513 1.80108 2.21109 2.19691
2.49 1.69174 1.80254 2.21369 2.20716
2.495 1.69834 1.80422 2.21629 2.2144
2.5 1.7046 1.80629 2.21893 2.21829
2.505 1.71023 1.80886 2.22166 2.21892
2.51 1.71505 1.81198 2.22455 2.21678
2.515 1.71898 1.81564 2.22769 2.21268
2.52 1.72204 1.81977 2.23115 2.20763
2.525 1.72433 1.82428 2.23498 2.20269
2.53 1.72601 1.82908 2.23919 2.19882
2.535 1.72726 1.83404 2.24373 2.19679
2.54 1.72827 1.83906 2.24848 2.19707
2.545 1.7292 1.84402 2.25325 2.19979
2.55 1.7302 1.8488 2.25782 2.20475
2.555 1.73138 1.85329 2.26196 2.21148
2.56 1.73282 1.85737 2.26546 2.21923
2.565 1.7346 1.86094 2.26818 2.22717
2.57 1.73677 1.86393 2.27009 2.23441
2.575 1.73937 1.86633 2.27125 2.24017
2.58 1.7424 1.86819 2.27186 2.24387
2.585 1.74584 1.8696 2.27217 2.24521
2.59 1.74959 1.87076 2.27251 2.24426
2.595 1.75354 1.87188 2.27322 2.24142
2.6 1.75754 1.8732 2.27456 2.23741
2.605 1.76139 1.87495 2.27675 2.23317
2.61 1.76495 1.87729 2.27986 2.22972
2.615 1.76809 1.88031 2.28386 2.22801
2.62 1.77075 1.88401 2.28862 2.22875
2.625 1.77297 1.8883 2.29389 2.2323
2.63 1.77484 1.893 2.29938 2.23859
2.635 1.77656 1.89788 2.30481 2.2471
2.64 1.77833 1.90271 2.30992 2.25698
2.645 1.78039 1.90725 2.31449 2.26716
2.65 1.78294 1.91131 2.31844 2.27651
2.655 1.78613 1.91479 2.32175 2.28408
2.66 1.79004 1.91765 2.32452 2.28919
2.665 1.79465 1.9199 2.32693 2.29159
2.67 1.79989 1.92166 2.32922 2.29146
2.675 1.80562 1.92306 2.33166 2.28937
2.68 1.81166 1.92428 2.33449 2.28615
2.685 1.81779 1.92549 2.33792 2.28277
2.69 1.82381 1.92686 2.34206 2.28017
2.695 1.82951 1.92854 2.34693 2.27911
2.7 1.8347 1.93065 2.35242 2.28008
2.705 1.83922 1.93328 2.35829 2.28325
2.71 1.84296 1.93646 2.36425 2.28851
2.715 1.84587 1.94021 2.36992 2.29552
2.72 1.84795 1.94449 2.37493 2.30374
2.725 1.84928 1.94923 2.37898 2.31258
2.73 1.85 1.95432 2.38185 2.32142
2.735 1.85032 1.95963 2.38348 2.32967
2.74 1.85049 1.96498 2.38396 2.33684
2.745 1.85076 1.97022 2.38356 2.3425
2.75 1.85136 1.97519 2.38266 2.34634
2.755 1.85249 1.97976 2.3817 2.3482
2.76 1.85426 1.98383 2.38117 2.34807
2.765 1.8567 1.98734 2.38145 2.34609
2.77 1.85974 1.99031 2.38282 2.34263
2.775 1.86327 1.9928 2.38538 2.33821
2.78 1.86709 1.9949 2.38905 2.33351
2.785 1.87104 1.99674 2.39359 2.32925
2.79 1.87495 1.99847 2.39861 2.32615
2.795 1.87871 2.00022 2.40368 2.32477
2.8 1.88226 2.00211 2.40833 2.32545
2.805 1.88562 2.00422 2.41221 2.32825
2.81 1.88885 2.00659 2.41505 2.3329
2.815 1.89207 2.00919 2.41676 2.33893
2.82 1.89539 2.01198 2.41742 2.34567
2.825 1.89889 2.01487 2.41723 2.35241
2.83 1.90264 2.01779 2.41654 2.35855
2.835 1.90665 2.02062 2.41574 2.36364
2.84 1.91084 2.02332 2.41522 2.36751
2.845 1.9151 2.02585 2.41536 2.3702
2.85 1.9193 2.02821 2.41643 2.37197
2.855 1.92323 2.03044 2.41859 2.3732
2.86 1.92675 2.03264 2.42188 2.37429
2.865 1.92972 2.0349 2.4262 2.37555
2.87 1.93204 2.03734 2.43135 2.37719
2.875 1.93372 2.04005 2.43701 2.37927
2.88 1.93482 2.0431 2.44285 2.38173
2.885 1.9355 2.04653 2.44847 2.38443
2.89 1.93598 2.05033 2.45354 2.38724
2.895 1.93652 2.05443 2.45777 2.39006
2.9 1.9374 2.05873 2.46099 2.39285
2.905 1.93889 2.06313 2.46313 2.39564
2.91 1.9412 2.06749 2.46429 2.3985
2.915 1.94445 2.07168 2.46467 2.40149
2.92 1.94867 2.07562 2.46458 2.40461
2.925 1.95379 2.07922 2.46441 2.40781
2.93 1.95962 2.08247 2.46452 2.41099
2.935 1.96593 2.08538 2.46525 2.414
2.94 1.97239 2.08798 2.46686 2.41673
2.945 1.97868 2.09034 2.46944 2.41915
2.95 1.98448 2.09255 2.47299 2.42133
2.955 1.98953 2.09468 2.47735 2.42347
2.96 1.99365 2.09684 2.48226 2.42586
2.965 1.99673 2.09908 2.4874 2.42879
2.97 1.99876 2.10147 2.49248 2.4325
2.975 1.99985 2.10406 2.49721 2.43712
2.98 2.00018 2.10685 2.50141 2.44254
2.985 1.99999 2.10986 2.50498 2.44851
2.99 1.99957 2.11306 2.50794 2.45457
2.995 1.99921 2.1164 2.51037 2.46021
3 1.99921 2.11982 2.51242 2.46491
3.005 1.99978 2.12323 2.51424 2.46829
3.01 2.00111 2.12654 2.51597 2.47015
3.015 2.00326 2.12966 2.51769 2.47053
3.02 2.00623 2.13251 2.51945 2.4697
3.025 2.00994 2.13505 2.52123 2.46806
3.03 2.01422 2.13723 2.52299 2.46613
3.035 2.01888 2.13909 2.52468 2.46436
3.04 2.02368 2.14067 2.52625 2.46315
3.045 2.02842 2.14204 2.5277 2.46271
3.05 2.03292 2.14332 2.52906 2.46311
3.055 2.03705 2.14463 2.5304 2.46428
3.06 2.04074 2.14606 2.53183 2.46608
3.065 2.04398 2.14773 2.53346 2.46834
3.07 2.0468 2.14969 2.5354 2.47093
3.075 2.04927 2.15198 2.53773 2.47377
3.08 2.05151 2.15463 2.54049 2.47683
3.085 2.05363 2.15761 2.54365 2.48011
3.09 2.05576 2.1609 2.54715 2.48362
3.095 2.05803 2.16445 2.55085 2.4873
3.1 2.06057 2.16819 2.55462 2.49105
3.105 2.06348 2.17208 2.55828 2.4947
3.11 2.06685 2.17604 2.56165 2.49807
3.115 2.07072 2.18 2.56461 2.50101
3.12 2.0751 2.18388 2.56704 2.50341
3.125 2.07991 2.18758 2.56891 2.50531
3.13 2.08503 2.19102 2.57026 2.50684
3.135 2.09027 2.1941 2.57117 2.50825
3.14 2.09539 2.19675 2.57182 2.50983
3.145 2.10015 2.19893 2.57241 2.51187
3.15 2.10433 2.20063 2.57317 2.5146
3.155 2.10773 2.20189 2.57431 2.51809
3.16 2.11028 2.20279 2.57601 2.52233
3.165 2.11199 2.20346 2.57838 2.52713
3.17 2.11298 2.20407 2.58144 2.53225
3.175 2.11347 2.20479 2.58512 2.5374
3.18 2.11372 2.2058 2.58927 2.54231
3.185 2.11404 2.20723 2.59365 2.54676
3.19 2.1147 2.20918 2.59802 2.55064
3.195 2.11589 2.2117 2.60213 2.55388
3.2 2.11772 2.21475 2.60578 2.55648
3.205 2.12018 2.21825 2.60884 2.55845
3.21 2.12317 2.22207 2.61127 2.55978
3.215 2.12652 2.22603 2.61312 2.56045
3.22 2.13002 2.22999 2.61452 2.56043
3.225 2.13345 2.23377 2.61567 2.55972
3.23 2.13666 2.23726 2.61677 2.55841
3.235 2.13953 2.24038 2.61803 2.5567
3.24 2.14207 2.24311 2.61962 2.55491
3.245 2.14434 2.24545 2.62163 2.55349
3.25 2.14646 2.24746 2.62411 2.55297
3.255 2.14863 2.2492 2.62702 2.55386
3.26 2.15099 2.25075 2.63027 2.55654
3.265 2.15371 2.25218 2.63373 2.56119
3.27 2.15687 2.25356 2.63724 2.56773
3.275 2.16052 2.25493 2.64066 2.57574
3.28 2.16463 2.25635 2.64384 2.58456
3.285 2.16908 2.25785 2.64667 2.59334
3.29 2.17376 2.25948 2.6491 2.60113
3.295 2.17847 2.2613 2.65107 2.6071
3.3 2.18305 2.26335 2.65259 2.61056
3.305 2.18731 2.2657 2.65369 2.61118
3.31 2.19112 2.26837 2.65444 2.60894
3.315 2.19438 2.27138 2.6549 2.60422
3.32 2.19702 2.27471 2.65518 2.5977
3.325 2.19907 2.27828 2.65535 2.59026
3.33 2.20059 2.28199 2.65551 2.58291
3.335 2.2017 2.2857 2.65575 2.57664
3.34 2.20259 2.28927 2.65612 2.57229
3.345 2.20347 2.29253 2.65668 2.5705
3.35 2.20457 2.29537 2.65749 2.57162
3.355 2.20607 2.2977 2.65859 2.5757
3.36 2.20813 2.29949 2.66002 2.58249
3.365 2.21081 2.30075 2.66181 2.59145
3.37 2.2141 2.30155 2.66402 2.60185
3.375 2.21785 2.302 2.66666 2.61283
3.38 2.22182 2.30222 2.66976 2.62344
3.385 2.22571 2.30237 2.6733 2.63284
3.39 2.22918 2.30257 2.67723 2.64028
3.395 2.23191 2.30295 2.68145 2.64527
3.4 2.23367 2.30362 2.68582 2.64761
3.405 2.23433 2.30466 2.69018 2.64744
3.41 2.23393 2.30612 2.69433 2.64521
3.415 2.23264 2.30802 2.69811 2.64165
3.42 2.23078 2.31035 2.70138 2.63768
3.425 2.22875 2.31306 2.70406 2.63427
3.43 2.22699 2.31607 2.70617 2.63232
3.435 2.22589 2.31926 2.7078 2.63255
3.44 2.22576 2.32251 2.70912 2.63534
3.445 2.22679 2.32569 2.71034 2.64071
3.45 2.22899 2.32869 2.7117 2.6483
3.455 2.23223 2.33145 2.71342 2.65743
3.46 2.23628 2.33398 2.71565 2.66717
3.465 2.24081 2.33635 2.71847 2.67648
3.47 2.24551 2.33867 2.72187 2.68437
3.475 2.25004 2.34113 2.72573 2.69002
3.48 2.25419 2.34389 2.72986 2.69292
3.485 2.25778 2.3471 2.73401 2.69289
3.49 2.26076 2.35086 2.73792 2.69015
3.495 2.26311 2.35515 2.74135 2.68523
3.5 2.2649 2.35986 2.74412 2.67893
3.505 2.2662 2.3648 2.74612 2.6722
3.51 2.26711 2.3697 2.74735 2.66601
3.515 2.2677 2.37425 2.74789 2.66122
3.52 2.26807 2.37817 2.74789 2.65849
3.525 2.2683 2.38126 2.74759 2.65819
3.53 2.2685 2.3834 2.74724 2.66039
3.535 2.26878 2.38459 2.74708 2.66484
3.54 2.26929 2.38496 2.74732 2.67101
3.545 2.2702 2.38474 2.74811 2.67823
3.55 2.27166 2.38423 2.74952 2.6857
3.555 2.2738 2.38374 2.75152 2.69266
3.56 2.2767 2.3836 2.75401 2.69846
3.565 2.28035 2.38407 2.7568 2.70265
3.57 2.2847 2.38533 2.75969 2.70503
3.575 2.28957 2.38748 2.76246 2.70565
3.58 2.29478 2.39051 2.76494 2.7048
3.585 2.30009 2.39435 2.76702 2.70298
3.59 2.30525 2.39883 2.76867 2.70077
3.595 2.31006 2.4037 2.76997 2.6988
3.6 2.31438 2.40872 2.77109 2.69764
3.605 2.3181 2.41358 2.77227 2.69775
3.61 2.3212 2.41801 2.77377 2.69937
3.615 2.3237 2.42178 2.77584 2.7026
3.62 2.32565 2.42469 2.77869 2.70732
3.625 2.32714 2.42667 2.78243 2.71324
3.63 2.32825 2.42773 2.78705 2.71996
3.635 2.32907 2.42798 2.79243 2.72702
3.64 2.3297 2.42764 2.79833 2.73396
3.645 2.33025 2.42702 2.80446 2.74033
3.65 2.33084 2.42642 2.81044 2.7458
3.655 2.33162 2.42618 2.81594 2.75013
3.66 2.33275 2.42654 2.82065 2.75321
3.665 2.33436 2.42769 2.82436 2.75506
3.67 2.3366 2.42967 2.82699 2.75581
3.675 2.33954 2.43242 2.82856 2.75572
3.68 2.34319 2.43578 2.82924 2.75512
3.685 2.34749 2.43953 2.82928 2.75437
3.69 2.35227 2.44342 2.82902 2.75386
3.695 2.35732 2.44722 2.8288 2.75397
3.7 2.36234 2.45076 2.82895 2.75499
3.705 2.36708 2.45396 2.82972 2.75711
3.71 2.37126 2.4568 2.83127 2.76043
3.715 2.37469 2.45934 2.83362 2.76487
3.72 2.37728 2.4617 2.83667 2.77026
3.725 2.37902 2.46398 2.8402 2.77628
3.73 2.37999 2.46629 2.84393 2.78252
3.735 2.38035 2.4687 2.84751 2.78853
3.74 2.3803 2.47121 2.85067 2.79386
3.745 2.38005 2.47381 2.85316 2.79807
3.75 2.3798 2.47644 2.85486 2.80083
3.755 2.37972 2.47904 2.8558 2.80191
3.76 2.37992 2.48155 2.85609 2.80123
3.765 2.38047 2.48394 2.856 2.79886
3.77 2.38141 2.48621 2.85582 2.79501
3.775 2.38275 2.48837 2.85589 2.79008
3.78 2.38449 2.49046 2.85648 2.78455
3.785 2.38662 2.49253 2.85782 2.77902
3.79 2.38915 2.49462 2.86 2.77412
3.795 2.39205 2.49678 2.863 2.77046
3.8 2.3953 2.49901 2.86669 2.7686
3.805 2.39881 2.50134 2.87087 2.76896
3.81 2.40251 2.50375 2.87526 2.77175
3.815 2.40625 2.50623 2.87959 2.77698
3.82 2.40986 2.50877 2.88362 2.78438
3.825 2.41319 2.51134 2.88714 2.79344
3.83 2.41608 2.5139 2.89004 2.80345
3.835 2.41842 2.51642 2.89226 2.81354
3.84 2.42017 2.51884 2.89385 2.8228
3.845 2.42134 2.5211 2.89488 2.83036
3.85 2.42206 2.52314 2.89551 2.83553
3.855 2.42251 2.5249 2.89588 2.83785
3.86 2.42291 2.52634 2.89616 2.83719
3.865 2.42348 2.52745 2.89647 2.83376
3.87 2.42445 2.52824 2.8969 2.82812
3.875 2.42595 2.52874 2.89749 2.82105
3.88 2.42806 2.52903 2.89822 2.81355
3.885 2.43075 2.52919 2.89901 2.80664
3.89 2.43388 2.52931 2.89975 2.80126
3.895 2.43726 2.52945 2.90031 2.79818
3.9 2.44064 2.52966 2.90059 2.79786
3.905 2.44377 2.52995 2.90052 2.8004
3.91 2.4464 2.5303 2.90012 2.80557
3.915 2.44836 2.53067 2.8995 2.8128
3.92 2.44954 2.531 2.89883 2.82128
3.925 2.44994 2.53124 2.89836 2.83005
3.93 2.4496 2.53134 2.89836 2.83815
3.935 2.44867 2.5313 2.89905 2.8447
3.94 2.4473 2.53113 2.90058 2.84907
3.945 2.44565 2.53087 2.90298 2.85087
3.95 2.44389 2.53062 2.90613 2.85007
3.955 2.44214 2.53043 2.90977 2.84693
3.96 2.44046 2.53041 2.91352 2.84201
3.965 2.4389 2.53059 2.91696 2.83605
3.97 2.43742 2.53099 2.91966 2.82988
3.975 2.43601 2.53159 2.92129 2.82434
3.98 2.43461 2.53231 2.92163 2.82012
3.985 2.43317 2.53303 2.92064 2.81777
3.99 2.43168 2.53363 2.91847 2.81754
3.995 2.43012 2.53397 2.9154 2.81944
4 2.42851 2.53393 2.91183 2.82322
4.005 2.42687 2.53346 2.90821 2.82841
4.01 2.42528 2.53254 2.90498 2.8344
4.015 2.42377 2.53123 2.9025 2.8405
4.02 2.42244 2.52968 2.90104 2.84603
4.025 2.42133 2.52804 2.90071 2.85041
4.03 2.42052 2.52652 2.90152 2.8532
4.035 2.42006 2.52533 2.90334 2.85416
4.04 2.41997 2.52462 2.90595 2.85328
4.045 2.42025 2.52453 2.90909 2.85075
4.05 2.42087 2.5251 2.91248 2.84697
4.055 2.42173 2.52632 2.91581 2.84245
4.06 2.4227 2.5281 2.91885 2.83782
4.065 2.4236 2.53032 2.92139 2.83368
4.07 2.42423 2.53282 2.92329 2.83059
4.075 2.42437 2.53544 2.92447 2.82893
4.08 2.42385 2.53802 2.92492 2.82895
4.085 2.42253 2.54042 2.92469 2.83065
4.09 2.42038 2.54252 2.92389 2.83382
4.095 2.41744 2.54425 2.92267 2.8381
4.1 2.41388 2.54553 2.92118 2.84298
4.105 2.40996 2.54633 2.91961 2.84791
4.11 2.40598 2.54663 2.9181 2.85234
4.115 2.40231 2.54646 2.91678 2.85583
4.12 2.39927 2.54586 2.91572 2.85805
4.125 2.39713 2.5449 2.91495 2.85885
4.13 2.39606 2.54368 2.91446 2.85824
4.135 2.39611 2.54232 2.91421 2.85636
4.14 2.39723 2.54093 2.91416 2.85346
4.145 2.39921 2.53962 2.91425 2.84987
4.15 2.4018 2.53845 2.91446 2.8459
4.155 2.40467 2.53743 2.91476 2.84189
4.16 2.4075 2.53653 2.91515 2.83811
4.165 2.40998 2.53566 2.91562 2.83483
4.17 2.4119 2.53473 2.91615 2.83225
4.175 2.41308 2.53362 2.91672 2.83052
4.18 2.41349 2.53226 2.91726 2.82974
4.185 2.41314 2.5306 2.91768 2.82998
4.19 2.41216 2.52868 2.91787 2.83118
4.195 2.41071 2.52658 2.91771 2.83324
4.2 2.40901 2.52445 2.91712 2.83591
4.205 2.40727 2.52243 2.91604 2.83889
4.21 2.40572 2.52068 2.91447 2.84178
4.215 2.40453 2.5193 2.9125 2.84416
4.22 2.40386 2.51832 2.91026 2.84566
4.225 2.40379 2.51772 2.90798 2.84599
4.23 2.40436 2.51741 2.90593 2.84502
4.235 2.40552 2.51725 2.90438 2.84279
4.24 2.40719 2.51711 2.90358 2.83957
4.245 2.40921 2.51685 2.90374 2.83577
4.25 2.41141 2.51638 2.90497 2.8319
4.255 2.41357 2.51569 2.90727 2.82854
4.26 2.41551 2.5148 2.9105 2.8262
4.265 2.41704 2.51379 2.91442 2.82524
4.27 2.41802 2.51279 2.91868 2.82587
4.275 2.41839 2.51192 2.92289 2.82807
4.28 2.41813 2.51128 2.92667 2.8316
4.285 2.41729 2.51099 2.92966 2.83607
4.29 2.41601 2.51109 2.93164 2.84094
4.295 2.41443 2.51163 2.93252 2.84567
4.3 2.41273 2.51259 2.93236 2.84969
4.305 2.4111 2.51396 2.93137 2.85255
4.31 2.40969 2.51571 2.92986 2.85391
4.315 2.40863 2.51779 2.92822 2.8536
4.32 2.408 2.52014 2.92679 2.85162
4.325 2.40781 2.52268 2.92587 2.84816
4.33 2.40806 2.52532 2.9256 2.84355
4.335 2.40872 2.52793 2.92601 2.83828
4.34 2.40972 2.53039 2.92695 2.83291
4.345 2.41101 2.53256 2.92818 2.82806
4.35 2.41254 2.53434 2.92939 2.82429
4.355 2.41426 2.53561 2.93027 2.82211
4.36 2.41613 2.53633 2.93061 2.82185
4.365 2.4181 2.53649 2.93028 2.82361
4.37 2.4201 2.53613 2.92931 2.82725
4.375 2.42203 2.53534 2.92787 2.83239
4.38 2.42379 2.53423 2.92622 2.83842
4.385 2.42525 2.53292 2.9247 2.84461
4.39 2.42628 2.53155 2.92361 2.85017
4.395 2.42677 2.53022 2.92319 2.85439
4.4 2.42667 2.52901 2.9236 2.85676
4.405 2.42597 2.52801 2.92483 2.85699
4.41 2.42478 2.52724 2.92678 2.85513
4.415 2.42325 2.52675 2.92923 2.85151
4.42 2.42164 2.52656 2.93189 2.84672
4.425 2.42024 2.5267 2.93447 2.84151
4.43 2.41934 2.5272 2.93669 2.83667
4.435 2.41924 2.52811 2.93835 2.83293
4.44 2.42014 2.52944 2.93934 2.83082
4.445 2.42216 2.5312 2.93961 2.83067
4.45 2.42531 2.53339 2.93922 2.83251
4.455 2.42948 2.53594 2.93829 2.83614
4.46 2.43446 2.53878 2.93701 2.84111
4.465 2.43995 2.54178 2.93556 2.84688
4.47 2.4456 2.5448 2.93417 2.85283
4.475 2.45106 2.54769 2.93301 2.85839
4.48 2.45597 2.55029 2.93225 2.86307
4.485 2.46006 2.55248 2.932 2.86654
4.49 2.46312 2.5542 2.93228 2.86864
4.495 2.46504 2.55542 2.93308 2.86938
4.5 2.46584 2.55622 2.93431 2.86893
4.505 2.46562 2.5567 2.93579 2.86758
4.51 2.46462 2.55706 2.93732 2.86566
4.515 2.46312 2.55751 2.93869 2.86357
4.52 2.46149 2.55827 2.93969 2.86163
4.525 2.46009 2.55953 2.94016 2.86013
4.53 2.45928 2.56142 2.94003 2.85922
4.535 2.45934 2.564 2.93933 2.85895
4.54 2.46046 2.56723 2.93816 2.85923
4.545 2.4627 2.57094 2.93674 2.85985
4.55 2.46597 2.57492 2.9353 2.86054
4.555 2.47006 2.57885 2.93411 2.861
4.56 2.47465 2.58242 2.93337 2.86095
4.565 2.47938 2.58533 2.93323 2.86022
4.57 2.48385 2.58732 2.93371 2.85874
4.575 2.48775 2.58825 2.93473 2.85662
4.58 2.49084 2.5881 2.93611 2.85409
4.585 2.49303 2.58697 2.93764 2.85152
4.59 2.49437 2.5851 2.93907 2.84936
4.595 2.49504 2.58283 2.94024 2.84806
4.6 2.49533 2.58057 2.94106 2.84798
4.605 2.49555 2.57874 2.94156 2.84936
4.61 2.49604 2.57774 2.94188 2.85228
4.615 2.49705 2.57787 2.94227 2.85656
4.62 2.49873 2.57932 2.94299 2.86188
4.625 2.50112 2.5821 2.94428 2.86771
4.63 2.50413 2.58606 2.94631 2.87345
4.635 2.50755 2.5909 2.94909 2.87848
4.64 2.51112 2.59619 2.95248 2.88224
4.645 2.51455 2.60141 2.9562 2.8843
4.65 2.51758 2.60605 2.95985 2.88445
4.655 2.52001 2.60965 2.96301 2.88268
4.66 2.52174 2.61189 2.96532 2.87926
4.665 2.52277 2.61265 2.96654 2.87464
4.67 2.52324 2.61199 2.96662 2.86943
4.675 2.52332 2.61022 2.96573 2.86433
4.68 2.52331 2.60783 2.96424 2.86004
4.685 2.52348 2.60543 2.96267 2.85719
4.69 2.52412 2.60367 2.9616 2.85625
4.695 2.52545 2.60316 2.96156 2.85747
4.7 2.52763 2.60437 2.96295 2.8609
4.705 2.5307 2.60756 2.96596 2.86631
4.71 2.53459 2.61271 2.97052 2.8733
4.715 2.53911 2.61956 2.97631 2.88128
4.72 2.544 2.62763 2.98281 2.88957
4.725 2.54893 2.63625 2.98939 2.89749
4.73 2.55354 2.6447 2.9954 2.90437
4.735 2.55752 2.65228 3.00026 2.90971
4.74 2.56061 2.6584 3.00359 2.91313
4.745 2.56269 2.66272 3.00521 2.91449
4.75 2.56373 2.6651 3.00519 2.91383
4.755 2.56388 2.66569 3.00382 2.91139
4.76 2.56339 2.66488 3.00157 2.90757
4.765 2.56261 2.66321 2.99897 2.90288
4.77 2.56193 2.66133 2.99659 2.8979
4.775 2.56173 2.65986 2.99495 2.89317
4.78 2.56234 2.65932 2.99441 2.8892
4.785 2.56395 2.66004 2.99517 2.88635
4.79 2.56665 2.66212 2.99724 2.88485
4.795 2.57037 2.66541 3.00044 2.88474
4.8 2.57492 2.66955 3.0044 2.8859
4.805 2.58 2.674 3.00865 2.88804
4.81 2.58527 2.67816 3.01264 2.8908
4.815 2.59037 2.68145 3.01581 2.89374
4.82 2.59495 2.68341 3.01771 2.89643
4.825 2.59876 2.68375 3.01801 2.89852
4.83 2.6016 2.68244 3.01661 2.8998
4.835 2.6034 2.6797 3.01363 2.90017
4.84 2.60415 2.67594 3.00945 2.8997
4.845 2.60392 2.67175 3.00464 2.8986
4.85 2.60283 2.66775 2.9999 2.89716
4.855 2.60103 2.66452 2.99597 2.89569
4.86 2.5987 2.66253 2.99347 2.89447
4.865 2.59599 2.66201 2.99284 2.89373
4.87 2.59304 2.66295 2.99422 2.89354
4.875 2.58999 2.66511 2.99742 2.89389
4.88 2.58692 2.66802 3.00194 2.89462
4.885 2.5839 2.6711 3.00707 2.89554
4.89 2.58098 2.67373 3.01194 2.89639
4.895 2.57816 2.67532 3.01576 2.89696
4.9 2.57546 2.67546 3.01785 2.8971
4.905 2.57287 2.67393 3.01787 2.89677
4.91 2.57038 2.67079 3.0158 2.89601
4.915 2.56798 2.66632 3.01196 2.89498
4.92 2.56569 2.66102 3.00699 2.89391
4.925 2.56354 2.65552 3.00171 2.89304
4.93 2.56159 2.65051 2.99697 2.89263
4.935 2.55991 2.64662 2.99355 2.89289
4.94 2.55856 2.64433 2.99203 2.89394
4.945 2.5576 2.64391 2.99268 2.89584
4.95 2.55703 2.64534 2.99545 2.89857
4.955 2.55682 2.64833 3 2.90199
4.96 2.55689 2.65233 3.00575 2.90592
4.965 2.55709 2.65662 3.01195 2.91012
4.97 2.55725 2.6604 3.01784 2.91429
4.975 2.55721 2.66292 3.02269 2.91813
4.98 2.5568 2.66358 3.02596 2.92136
4.985 2.55596 2.66207 3.02728 2.9237
4.99 2.55469 2.65842 3.02656 2.92496
4.995 2.55311 2.65299 3.02395 2.92501
5 2.55142 2.64648 3.01983 2.92385
5.005 2.54987 2.63976 3.01474 2.92156
5.01 2.54874 2.63382 3.00934 2.91837
5.015 2.54829 2.62953 3.00428 2.91459
5.02 2.54866 2.62756 3.00015 2.91059
5.025 2.54988 2.62819 2.99737 2.90678
5.03 2.55184 2.6313 2.99611 2.90352
5.035 2.55432 2.63637 2.99633 2.90114
5.04 2.55699 2.64254 2.99769 2.89982
5.045 2.55947 2.64876 2.99968 2.89963
5.05 2.56144 2.65396 3.00168 2.90049
5.055 2.56262 2.65721 3.00308 2.90222
5.06 2.56288 2.65788 3.0034 2.90453
5.065 2.56221 2.65579 3.00235 2.90708
5.07 2.56072 2.65114 2.99996 2.90956
5.075 2.55864 2.64458 2.99653 2.91166
5.08 2.55623 2.63703 2.99261 2.91318
5.085 2.55379 2.62958 2.98887 2.914
5.09 2.55156 2.6233 2.98601 2.91413
5.095 2.54975 2.61908 2.98461 2.91364
5.1 2.54847 2.61752 2.98502 2.9127
5.105 2.5478 2.61884 2.98728 2.91152
5.11 2.54774 2.62286 2.99112 2.91031
5.115 2.54827 2.62904 2.99602 2.90927
5.12 2.54932 2.63658 3.00126 2.90856
5.125 2.55078 2.64448 3.00609 2.90826
5.13 2.5525 2.65175 3.00982 2.90841
5.135 2.55429 2.65748 3.01193 2.90896
5.14 2.55591 2.66097 3.01218 2.90986
5.145 2.55711 2.66181 3.01059 2.91098
5.15 2.55762 2.65995 3.00746 2.91224
5.155 2.55727 2.65566 3.0033 2.91352
5.16 2.55595 2.64955 2.99873 2.91479
5.165 2.55376 2.64243 2.99444 2.91599
5.17 2.55091 2.63528 2.99106 2.91714
5.175 2.5478 2.62905 2.98909 2.91823
5.18 2.54492 2.62457 2.98885 2.91928
5.185 2.54275 2.62244 2.99043 2.92027
5.19 2.54171 2.62292 2.99369 2.92116
5.195 2.54203 2.62588 2.99826 2.92189
5.2 2.5437 2.63083 3.00359 2.92237
5.205 2.54644 2.637 3.00901 2.92251
5.21 2.54975 2.64343 3.01381 2.92226
5.215 2.55299 2.64914 3.01732 2.9216
5.22 2.5555 2.65327 3.01902 2.92058
5.225 2.55672 2.65526 3.01866 2.9193
5.23 2.5563 2.65489 3.01623 2.9179
5.235 2.55417 2.65236 3.01206 2.91655
5.24 2.55057 2.64822 3.00674 2.91538
5.245 2.54595 2.64331 3.00103 2.91452
5.25 2.54092 2.63854 2.99578 2.914
5.255 2.53614 2.63481 2.99175 2.91379
5.26 2.53216 2.63278 2.9895 2.91382
5.265 2.52938 2.63279 2.9893 2.91396
5.27 2.52799 2.63479 2.99106 2.91412
5.275 2.52798 2.63836 2.99437 2.91422
5.28 2.5292 2.6428 2.99857 2.91424
5.285 2.53137 2.64725 3.00286 2.91422
5.29 2.53425 2.65084 3.00645 2.91423
5.295 2.5376 2.65288 3.00871 2.91436
5.3 2.54124 2.65294 3.00925 2.91466
5.305 2.54506 2.65094 3.00799 2.91513
5.31 2.54894 2.64715 3.00514 2.91571
5.315 2.55278 2.64215 3.00119 2.91625
5.32 2.55644 2.63667 2.99676 2.91658
5.325 2.55972 2.63154 2.99253 2.91654
5.33 2.56243 2.62746 2.98911 2.91605
5.335 2.56439 2.62498 2.98697 2.9151
5.34 2.56551 2.62433 2.9864 2.91383
5.345 2.5658 2.62548 2.98745 2.9125
5.35 2.56539 2.62809 2.99001 2.91143
5.355 2.56453 2.63163 2.99376 2.91097
5.36 2.56347 2.63544 2.9983 2.9114
5.365 2.56246 2.63889 3.00314 2.91288
5.37 2.56165 2.64142 3.00777 2.91541
5.375 2.56104 2.64265 3.01172 2.91881
5.38 2.56051 2.64247 3.01458 2.92274
5.385 2.5598 2.64097 3.01607 2.92677
5.39 2.55865 2.63849 3.01603 2.93046
5.395 2.55685 2.6355 3.01453 2.93343
5.4 2.55433 2.63259 3.01179 2.93541
5.405 2.55124 2.6303 3.00827 2.93629
5.41 2.5479 2.62912 3.00452 2.93612
5.415 2.54476 2.62934 3.00122 2.93507
5.42 2.54234 2.63107 2.99902 2.9334
5.425 2.54106 2.63419 2.99846 2.93138
5.43 2.54114 2.63837 2.99986 2.92924
5.435 2.54255 2.64313 3.00327 2.92719
5.44 2.54501 2.64787 3.00843 2.92533
5.445 2.54798 2.65202 3.01482 2.92373
5.45 2.55084 2.65506 3.02168 2.92241
5.455 2.55298 2.65663 3.02816 2.9214
5.46 2.55393 2.65659 3.03344 2.92074
5.465 2.55349 2.65503 3.03688 2.92047
5.47 2.55174 2.65227 3.03807 2.92064
5.475 2.54902 2.64881 3.03695 2.92129
5.48 2.54587 2.64527 3.03375 2.92238
5.485 2.54292 2.64231 3.02901 2.92383
5.49 2.54072 2.64049 3.02344 2.92546
5.495 2.53972 2.64024 3.01782 2.92703
5.5 2.54012 2.64173 3.01287 2.92828
5.505 2.54193 2.64486 3.00919 2.92895
5.51 2.54494 2.6493 3.00712 2.92886
5.515 2.54882 2.65448 3.00677 2.92792
5.52 2.55321 2.65971 3.00798 2.92615
5.525 2.55774 2.66425 3.01037 2.92371
5.53 2.56208 2.66747 3.01345 2.92082
5.535 2.566 2.66891 3.01663 2.91774
5.54 2.56933 2.66836 3.01937 2.91476
5.545 2.57194 2.66591 3.02121 2.91208
5.55 2.57376 2.66192 3.02185 2.90985
5.555 2.57474 2.657 3.02119 2.90816
5.56 2.57486 2.65184 3.01931 2.90702
5.565 2.57418 2.64719 3.01651 2.9064
5.57 2.57284 2.6437 3.01322 2.90626
5.575 2.57105 2.64182 3.00999 2.90661
5.58 2.56909 2.64174 3.00738 2.90747
5.585 2.56728 2.6434 3.00592 2.90889
5.59 2.56591 2.64647 3.00601 2.91093
5.595 2.56517 2.65043 3.00788 2.91364
5.6 2.56513 2.65469 3.01151 2.91702
5.605 2.56567 2.65865 3.01667 2.92098
5.61 2.56654 2.6618 3.02288 2.92536
5.615 2.56738 2.66383 3.02953 2.92988
5.62 2.56782 2.66462 3.03586 2.93424
5.625 2.56757 2.66428 3.04115 2.9381
5.63 2.56648 2.66308 3.04476 2.94113
5.635 2.56465 2.66144 3.04624 2.94308
5.64 2.56236 2.65977 3.04538 2.9438
5.645 2.56007 2.65848 3.04227 2.94327
5.65 2.55831 2.65786 3.03729 2.94157
5.655 2.55759 2.65805 3.03104 2.93892
5.66 2.55823 2.65905 3.02434 2.93561
5.665 2.56034 2.6607 3.01803 2.93202
5.67 2.56376 2.66276 3.01296 2.9285
5.675 2.56806 2.66492 3.00978 2.9254
5.68 2.57263 2.66689 3.00894 2.92304
5.685 2.57677 2.66841 3.01056 2.92163
5.69 2.57985 2.66935 3.01447 2.9213
5.695 2.58139 2.66967 3.02015 2.92209
5.7 2.58115 2.66945 3.02689 2.92393
5.705 2.57921 2.66886 3.03381 2.92666
5.71 2.57591 2.66815 3.04003 2.93007
5.715 2.57183 2.66758 3.04479 2.93389
5.72 2.56766 2.6674 3.04754 2.93778
5.725 2.56413 2.66782 3.04802 2.94145
5.73 2.56189 2.66893 3.04631 2.94457
5.735 2.56139 2.67076 3.04282 2.94687
5.74 2.56285 2.67317 3.03818 2.94816
5.745 2.56625 2.67595 3.03319 2.94829
5.75 2.57127 2.67878 3.02865 2.94723
5.755 2.57741 2.68133 3.02527 2.94505
5.76 2.58401 2.68323 3.02352 2.94193
5.765 2.59038 2.68421 3.02362 2.93816
5.77 2.59584 2.68406 3.02546 2.9341
5.775 2.59983 2.68276 3.02868 2.93017
5.78 2.60197 2.68042 3.03272 2.9268
5.785 2.60213 2.67735 3.03693 2.92437
5.79 2.6004 2.67397 3.04069 2.92322
5.795 2.59713 2.67079 3.04349 2.92354
5.8 2.59284 2.66834 3.04506 2.92539
5.805 2.58816 2.66708 3.04536 2.92868
5.81 2.58378 2.66734 3.04458 2.93316
5.815 2.58031 2.66924 3.04313 2.93851
5.82 2.57824 2.67268 3.04151 2.94429
5.825 2.57783 2.67734 3.04028 2.95009
5.83 2.57912 2.68272 3.03991 2.9555
5.835 2.58192 2.68822 3.04076 2.96022
5.84 2.58581 2.6932 3.04298 2.96404
5.845 2.59025 2.69709 3.04651 2.9669
5.85 2.59462 2.69949 3.0511 2.96881
5.855 2.59835 2.70019 3.05634 2.96991
5.86 2.601 2.69925 3.06172 2.97038
5.865 2.60231 2.69692 3.06668 2.9704
5.87 2.60226 2.69367 3.07072 2.97018
5.875 2.60105 2.69005 3.07345 2.96987
5.88 2.59912 2.68667 3.07462 2.96958
5.885 2.59702 2.68408 3.07418 2.96939
5.89 2.59535 2.6827 3.07227 2.96934
5.895 2.59466 2.68278 3.0692 2.96947
5.9 2.59536 2.68438 3.06543 2.96979
5.905 2.59762 2.68737 3.06147 2.97032
5.91 2.60134 2.69145 3.05787 2.97108
5.915 2.60619 2.69622 3.0551 2.97208
5.92 2.61161 2.70122 3.0535 2.97332
5.925 2.61692 2.706 3.05325 2.97477
5.93 2.62142 2.71014 3.05433 2.97638
5.935 2.62455 2.71334 3.05651 2.97807
5.94 2.62592 2.71539 3.05943 2.97973
5.945 2.62544 2.71623 3.06262 2.98126
5.95 2.62334 2.71588 3.06559 2.98253
5.955 2.62007 2.71451 3.0679 2.98343
5.96 2.6163 2.71233 3.06923 2.9839
5.965 2.61276 2.70964 3.06944 2.98388
5.97 2.61013 2.70673 3.06859 2.98334
5.975 2.60894 2.70389 3.06688 2.98231
5.98 2.60943 2.70138 3.06468 2.98083
5.985 2.61158 2.6994 3.0624 2.97898
5.99 2.6151 2.69809 3.06048 2.97688
5.995 2.6195 2.6975 3.05922 2.97467
6 2.62416 2.69763 3.05881 2.97254
6.005 2.62847 2.6984 3.05928 2.97067
6.01 2.63193 2.69967 3.06047 2.96927
6.015 2.63421 2.70131 3.06208 2.96852
6.02 2.63519 2.70315 3.06377 2.96859
6.025 2.63498 2.70504 3.06517 2.96954
6.03 2.63384 2.70686 3.06602 2.97137
6.035 2.63216 2.70852 3.06617 2.97397
6.04 2.63035 2.70999 3.06566 2.97709
6.045 2.62879 2.71128 3.06467 2.98042
6.05 2.62777 2.7124 3.06355 2.98358
6.055 2.62743 2.71344 3.06269 2.98615
6.06 2.62779 2.71446 3.06249 2.9878
6.065 2.62875 2.71552 3.06325 2.98827
6.07 2.63008 2.71666 3.06513 2.98748
6.075 2.63154 2.71789 3.06812 2.98552
6.08 2.63284 2.71919 3.07198 2.98265
6.085 2.63373 2.7205 3.07634 2.97931
6.09 2.63403 2.72175 3.0807 2.97602
6.095 2.63367 2.72285 3.08457 2.9733
6.1 2.63266 2.72371 3.08748 2.97162
6.105 2.63117 2.72428 3.0891 2.97131
6.11 2.62945 2.72454 3.08929 2.97248
6.115 2.62786 2.72452 3.08811 2.97501
6.12 2.62677 2.72429 3.0858 2.97857
6.125 2.62654 2.72395 3.08277 2.98268
6.13 2.62747 2.72365 3.07954 2.98676
6.135 2.62969 2.72351 3.07662 2.99024
6.14 2.63319 2.72367 3.07451 2.99266
6.145 2.63773 2.72421 3.07355 2.99374
6.15 2.64291 2.72516 3.07395 2.99341
6.155 2.64819 2.7265 3.07573 2.99185
6.16 2.65299 2.72817 3.0787 2.98941
6.165 2.65673 2.73005 3.08253 2.98657
6.17 2.659 2.73201 3.08677 2.98384
6.175 2.65955 2.73391 3.0909 2.98168
6.18 2.6584 2.73564 3.09441 2.98044
6.185 2.65581 2.73709 3.09688 2.98027
6.19 2.65226 2.73819 3.09803 2.98117
6.195 2.64837 2.73891 3.09775 2.98295
6.2 2.64476 2.73924 3.09616 2.98532
6.205 2.642 2.73921 3.09356 2.98795
6.21 2.64049 2.73885 3.09042 2.99053
6.215 2.64037 2.73821 3.0873 2.99282
6.22 2.64152 2.73736 3.08479 2.99472
6.225 2.6436 2.7364 3.08343 2.99624
6.23 2.64609 2.73545 3.08359 2.99752
6.235 2.6484 2.73465 3.08545 2.99875
6.24 2.64999 2.73416 3.08894 3.00017
6.245 2.65048 2.73415 3.09375 3.00199
6.25 2.6497 2.73477 3.09938 3.00435
6.255 2.64777 2.73617 3.10521 3.00731
6.26 2.64505 2.73839 3.11057 3.01079
6.265 2.64212 2.74142 3.11489 3.01464
6.27 2.63962 2.74517 3.11773 3.01859
6.275 2.63821 2.74942 3.1189 3.02233
6.28 2.63837 2.75392 3.11844 3.02552
6.285 2.6404 2.75835 3.11664 3.02784
6.29 2.64428 2.76237 3.11397 3.02901
6.295 2.64974 2.76571 3.11102 3.02886
6.3 2.65627 2.76812 3.10841 3.02732
6.305 2.66322 2.7695 3.10668 3.02449
6.31 2.66989 2.76983 3.10621 3.02058
6.315 2.67569 2.76921 3.10718 3.01597
6.32 2.6802 2.76784 3.10958 3.01112
6.325 2.68325 2.766 3.11317 3.00657
6.33 2.6849 2.76397 3.11754 3.00287
6.335 2.68547 2.76207 3.12219 3.00049
6.34 2.6854 2.76055 3.12662 2.99976
6.345 2.68523 2.75963 3.13034 3.00083
6.35 2.68544 2.75942 3.133 3.00364
6.355 2.6864 2.75997 3.1344 3.00789
6.36 2.68832 2.76126 3.1345 3.01308
6.365 2.6912 2.7632 3.13344 3.0186
6.37 2.69485 2.76563 3.1315 3.02377
6.375 2.69895 2.76838 3.12904 3.02798
6.38 2.70307 2.77127 3.12645 3.03074
6.385 2.70677 2.7741 3.1241 3.03177
6.39 2.70963 2.77669 3.12229 3.03104
6.395 2.71132 2.7789 3.1212 3.02878
6.4 2.71165 2.78062 3.1209 3.0254
6.405 2.71058 2.78182 3.12132 3.02149
6.41 2.70824 2.78248 3.12232 3.01765
6.415 2.70492 2.78268 3.12368 3.01446
6.42 2.70106 2.78253 3.12516 3.01237
6.425 2.69721 2.7822 3.12658 3.01164
6.43 2.69395 2.78186 3.1278 3.01233
6.435 2.69186 2.78168 3.12877 3.01428
6.44 2.69141 2.78181 3.12951 3.01719
6.445 2.69288 2.78235 3.13015 3.02067
6.45 2.69632 2.78333 3.13082 3.02431
6.455 2.7015 2.78472 3.13169 3.02774
6.46 2.7079 2.78642 3.13289 3.03072
6.465 2.7148 2.78829 3.13449 3.03312
6.47 2.72135 2.79019 3.13651 3.03495
6.475 2.72671 2.79196 3.13887 3.03631
6.48 2.73019 2.79348 3.14144 3.03735
6.485 2.73136 2.79471 3.14403 3.03823
6.49 2.73015 2.79562 3.14644 3.03903
6.495 2.72684 2.79629 3.14848 3.03978
6.5 2.72207 2.7968 3.14998 3.04043
6.505 2.71668 2.79727 3.15087 3.04086
6.51 2.7116 2.79783 3.15112 3.04091
6.515 2.70768 2.79857 3.1508 3.04049
6.52 2.70554 2.79957 3.15004 3.03957
6.525 2.70549 2.80087 3.14904 3.03822
6.53 2.70747 2.80244 3.14802 3.03664
6.535 2.7111 2.80425 3.14724 3.03512
6.54 2.71574 2.80624 3.14691 3.034
6.545 2.72066 2.80833 3.14722 3.03358
6.55 2.72512 2.81045 3.14828 3.03409
6.555 2.72853 2.81252 3.15012 3.03562
6.56 2.73053 2.81449 3.15268 3.03807
6.565 2.73102 2.8163 3.15582 3.0412
6.57 2.73012 2.81789 3.15931 3.0446
6.575 2.72817 2.81924 3.16291 3.04784
6.58 2.72561 2.8203 3.16634 3.05048
6.585 2.72293 2.82105 3.16938 3.05219
6.59 2.72056 2.82152 3.17185 3.05281
6.595 2.71886 2.82172 3.17362 3.05235
6.6 2.71808 2.82173 3.17469 3.05105
6.605 2.71834 2.82165 3.1751 3.04927
6.61 2.71965 2.82158 3.17496 3.04745
6.615 2.72196 2.82166 3.17443 3.04606
6.62 2.72513 2.82199 3.17365 3.04547
6.625 2.72898 2.82265 3.17276 3.0459
6.63 2.7333 2.82366 3.17186 3.04742
6.635 2.73784 2.82496 3.171 3.04992
6.64 2.74236 2.82646 3.17021 3.05313
6.645 2.74662 2.82798 3.16949 3.0567
6.65 2.75042 2.82934 3.16883 3.06025
6.655 2.7536 2.83035 3.16826 3.06341
6.66 2.75608 2.83086 3.16781 3.06593
6.665 2.75785 2.83078 3.16758 3.06763
6.67 2.75897 2.83011 3.16765 3.0685
6.675 2.75952 2.82896 3.16815 3.06861
6.68 2.75962 2.82753 3.16918 3.06817
6.685 2.75936 2.82607 3.17079 3.06744
6.69 2.75878 2.82488 3.17298 3.06673
6.695 2.75787 2.82424 3.17564 3.06633
6.7 2.75659 2.82434 3.17862 3.06652
6.705 2.75488 2.82532 3.18167 3.06751
6.71 2.75271 2.82717 3.18452 3.06939
6.715 2.75014 2.82977 3.18689 3.07214
6.72 2.74728 2.83288 3.18854 3.07561
6.725 2.74441 2.83622 3.18932 3.07952
6.73 2.74186 2.83945 3.18916 3.08345
6.735 2.74 2.84228 3.18812 3.08694
6.74 2.73922 2.84447 3.1864 3.08949
6.745 2.73977 2.84589 3.18426 3.0907
6.75 2.7418 2.84655 3.18204 3.09028
6.755 2.74521 2.84655 3.18008 3.08816
6.76 2.74975 2.8461 3.17869 3.08454
6.765 2.75495 2.84547 3.1781 3.07984
6.77 2.76026 2.84495 3.17842 3.07471
6.775 2.76508 2.84479 3.17962 3.0699
6.78 2.7689 2.84518 3.18157 3.06621
6.785 2.77133 2.84622 3.184 3.06426
6.79 2.77221 2.84789 3.18659 3.06446
6.795 2.77162 2.85008 3.18899 3.06687
6.8 2.76984 2.85256 3.1909 3.0712
6.805 2.76737 2.85508 3.19207 3.07679
6.81 2.76476 2.85734 3.19239 3.08275
6.815 2.76259 2.85905 3.19188 3.08808
6.82 2.76135 2.86 3.19067 3.09182
6.825 2.76138 2.86003 3.18903 3.09326
6.83 2.76282 2.85913 3.18731 3.09201
6.835 2.76557 2.8574 3.18588 3.08814
6.84 2.76939 2.85505 3.1851 3.08214
6.845 2.77388 2.85241 3.18526 3.07487
6.85 2.77856 2.84989 3.18655 3.0674
6.855 2.78298 2.84791 3.189 3.06087
6.86 2.78677 2.84686 3.19251 3.05628
6.865 2.78967 2.84706 3.19679 3.05434
6.87 2.79159 2.84865 3.20146 3.05537
6.875 2.79258 2.85163 3.20607 3.05922
6.88 2.79281 2.85578 3.21012 3.06534
6.885 2.79256 2.86072 3.21318 3.07289
6.89 2.79214 2.86591 3.21494 3.08081
6.895 2.79183 2.87077 3.21522 3.08809
6.9 2.79189 2.87472 3.21407 3.09384
6.905 2.79247 2.87733 3.21173 3.09749
6.91 2.79363 2.87832 3.20861 3.09879
6.915 2.79535 2.87768 3.20526 3.09786
6.92 2.7975 2.87563 3.20229 3.09515
6.925 2.79989 2.87265 3.20029 3.09133
6.93 2.80229 2.86935 3.19973 3.08715
6.935 2.80444 2.86641 3.20091 3.08336
6.94 2.80608 2.86446 3.2039 3.08057
6.945 2.80697 2.86398 3.20853 3.07919
6.95 2.80695 2.86521 3.2144 3.07938
6.955 2.8059 2.86812 3.22091 3.08106
6.96 2.80382 2.87239 3.2274 3.08395
6.965 2.8008 2.87751 3.23318 3.08763
6.97 2.79707 2.8828 3.23762 3.0916
6.975 2.79293 2.88759 3.24027 3.09539
6.98 2.78878 2.89127 3.24089 3.09857
6.985 2.78504 2.89343 3.23946 3.10086
6.99 2.78215 2.89389 3.23621 3.1021
6.995 2.78045 2.89275 3.23156 3.10232
7 2.78017 2.89033 3.22606 3.10165
7.005 2.78142 2.88713 3.22034 3.10038
7.01 2.78412 2.88375 3.21502 3.09886
7.015 2.78804 2.88076 3.21065 3.09746
7.02 2.79283 2.87865 3.20762 3.09656
7.025 2.79807 2.87771 3.20619 3.09644
7.03 2.8033 2.87804 3.20641 3.09725
7.035 2.80812 2.87951 3.20817 3.099
7.04 2.81217 2.88184 3.21122 3.10154
7.045 2.81522 2.8846 3.21518 3.10455
7.05 2.81715 2.88733 3.21963 3.10762
7.055 2.81793 2.8896 3.22414 3.11028
7.06 2.81761 2.89107 3.22831 3.1121
7.065 2.81633 2.89155 3.23183 3.11276
7.07 2.81425 2.89101 3.23447 3.11212
7.075 2.81156 2.8896 3.23614 3.11026
7.08 2.80849 2.88759 3.23686 3.10748
7.085 2.80528 2.88534 3.23674 3.1043
7.09 2.8022 2.88327 3.23601 3.10131
7.095 2.79954 2.88176 3.2349 3.09915
7.1 2.79759 2.88112 3.2337 3.09834
7.105 2.79664 2.88155 3.23267 3.0992
7.11 2.79688 2.88312 3.23202 3.10179
7.115 2.79845 2.88572 3.23193 3.10587
7.12 2.80131 2.88915 3.23247 3.11096
7.125 2.80533 2.89305 3.23366 3.11638
7.13 2.81017 2.89704 3.23545 3.12139
7.135 2.8154 2.90072 3.23772 3.12531
7.14 2.82051 2.90372 3.24034 3.12765
7.145 2.82498 2.90577 3.24312 3.12818
7.15 2.82835 2.90676 3.24588 3.12697
7.155 2.8303 2.90671 3.24844 3.12439
7.16 2.83069 2.90581 3.25066 3.12101
7.165 2.82959 2.90438 3.25239 3.11751
7.17 2.82726 2.9028 3.25356 3.11455
7.175 2.82413 2.9015 3.2541 3.11264
7.18 2.82074 2.90085 3.254 3.11209
7.185 2.81762 2.90109 3.2533 3.11292
7.19 2.81527 2.90233 3.25206 3.11492
7.195 2.81406 2.90449 3.2504 3.11767
7.2 2.81416 2.90731 3.24848 3.12064
7.205 2.81558 2.91043 3.24647 3.12332
7.21 2.81813 2.91339 3.24459 3.1253
7.215 2.8215 2.9158 3.24305 3.12634
7.22 2.82527 2.91732 3.24203 3.12641
7.225 2.82902 2.91779 3.24169 3.12566
7.23 2.83237 2.91725 3.24214 3.12444
7.235 2.83503 2.91593 3.24339 3.12315
7.24 2.83683 2.91421 3.2454 3.12221
7.245 2.83777 2.91256 3.24801 3.12198
7.25 2.83795 2.91147 3.251 3.12267
7.255 2.83758 2.91132 3.25408 3.12436
7.26 2.83695 2.91235 3.25696 3.12693
7.265 2.83636 2.91459 3.25932 3.13016
7.27 2.83606 2.91787 3.26092 3.1337
7.275 2.83629 2.92181 3.2616 3.13716
7.28 2.83716 2.92594 3.26129 3.14017
7.285 2.8387 2.92974 3.26005 3.14238
7.29 2.84086 2.93275 3.25807 3.14354
7.295 2.84347 2.93462 3.25564 3.14353
7.3 2.84632 2.93522 3.25308 3.14232
7.305 2.84916 2.93461 3.25076 3.14003
7.31 2.85172 2.93305 3.24903 3.13691
7.315 2.85377 2.93093 3.24816 3.1333
7.32 2.85513 2.92872 3.2483 3.1296
7.325 2.85571 2.92687 3.24952 3.12627
7.33 2.8555 2.92577 3.25171 3.12373
7.335 2.8546 2.92562 3.2547 3.12235
7.34 2.8532 2.92647 3.25821 3.12236
7.345 2.85157 2.92819 3.26191 3.12383
7.35 2.84999 2.93049 3.26549 3.12666
7.355 2.84874 2.93302 3.26867 3.13055
7.36 2.84807 2.93536 3.27123 3.13504
7.365 2.84811 2.93719 3.27307 3.13958
7.37 2.8489 2.93826 3.27417 3.14359
7.375 2.85036 2.93849 3.27463 3.14657
7.38 2.8523 2.93794 3.2746 3.14815
7.385 2.85445 2.93683 3.27431 3.1482
7.39 2.85652 2.93547 3.27398 3.14682
7.395 2.85823 2.93424 3.27384 3.14438
7.4 2.85937 2.93349 3.27407 3.14141
7.405 2.85983 2.93349 3.2748 3.13857
7.41 2.8596 2.93439 3.2761 3.13654
7.415 2.85881 2.93622 3.27794 3.13589
7.42 2.85767 2.93881 3.28028 3.13699
7.425 2.85642 2.94192 3.28298 3.13996
7.43 2.85533 2.9452 3.28591 3.14465
7.435 2.85463 2.9483 3.28891 3.15064
7.44 2.85448 2.9509 3.29183 3.15732
7.445 2.85494 2.95278 3.29453 3.16398
7.45 2.856 2.95385 3.29693 3.16994
7.455 2.85757 2.95414 3.29893 3.1746
7.46 2.8595 2.9538 3.30052 3.17758
7.465 2.86164 2.95309 3.30168 3.17872
7.47 2.86383 2.95226 3.30243 3.17813
7.475 2.86597 2.95158 3.30279 3.17615
7.48 2.86795 2.95125 3.30278 3.17325
7.485 2.86974 2.95134 3.30243 3.17
7.49 2.87131 2.95185 3.30176 3.16696
7.495 2.87268 2.95265 3.30077 3.16459
7.5 2.87383 2.95355 3.29948 3.16321
7.505 2.87479 2.95432 3.29792 3.16295
7.51 2.87554 2.95474 3.29613 3.16376
7.515 2.87609 2.95465 3.29417 3.16545
7.52 2.87645 2.95399 3.29216 3.16768
7.525 2.87662 2.95279 3.29021 3.1701
7.53 2.87664 2.95119 3.28847 3.17233
7.535 2.87655 2.94941 3.28708 3.17409
7.54 2.87641 2.94773 3.28616 3.17515
7.545 2.87625 2.94642 3.2858 3.17545
7.55 2.87612 2.94573 3.28602 3.17503
7.555 2.87604 2.94585 3.28677 3.17405
7.56 2.876 2.94686 3.28795 3.17274
7.565 2.87596 2.94872 3.28939 3.17138
7.57 2.87587 2.9513 3.2909 3.17024
7.575 2.87566 2.95435 3.29226 3.16954
7.58 2.8753 2.95758 3.29331 3.16946
7.585 2.87475 2.96064 3.29392 3.17002
7.59 2.87401 2.96321 3.29404 3.17118
7.595 2.87314 2.96499 3.2937 3.17278
7.6 2.8722 2.9658 3.29301 3.17459
7.605 2.8713 2.96558 3.29213 3.17633
7.61 2.87053 2.9644 3.29127 3.17773
7.615 2.87 2.96246 3.29063 3.17856
7.62 2.86976 2.96009 3.2904 3.17867
7.625 2.86986 2.95765 3.29069 3.17803
7.63 2.87027 2.95557 3.29158 3.17673
7.635 2.87094 2.95418 3.29305 3.17497
7.64 2.87179 2.95374 3.29502 3.17304
7.645 2.87269 2.95434 3.29735 3.17128
7.65 2.87353 2.9559 3.29985 3.17002
7.655 2.87422 2.95816 3.30232 3.1695
7.66 2.87466 2.96075 3.30457 3.16987
7.665 2.87482 2.96319 3.30643 3.17116
7.67 2.87466 2.96505 3.30778 3.1732
7.675 2.87421 2.96596 3.30857 3.17572
7.68 2.87351 2.96571 3.30881 3.17837
7.685 2.87263 2.96431 3.30857 3.18071
7.69 2.87165 2.96196 3.30799 3.18238
7.695 2.87067 2.95905 3.30723 3.18308
7.7 2.86979 2.95608 3.30648 3.18265
7.705 2.86909 2.95358 3.30591 3.18112
7.71 2.86868 2.95201 3.30563 3.17865
7.715 2.86861 2.9517 3.30571 3.17558
7.72 2.86895 2.95275 3.30615 3.17232
7.725 2.86972 2.95503 3.30685 3.16933
7.73 2.87092 2.95823 3.30765 3.16703
7.735 2.87251 2.96187 3.30837 3.16573
7.74 2.87442 2.96541 3.30881 3.1656
7.745 2.87655 2.96834 3.30879 3.16664
7.75 2.87878 2.97027 3.30821 3.1687
7.755 2.88095 2.97098 3.30704 3.17149
7.76 2.88295 2.97045 3.30535 3.17463
7.765 2.88465 2.96889 3.30332 3.17774
7.77 2.88595 2.96662 3.30116 3.18046
7.775 2.88681 2.96407 3.29914 3.18254
7.78 2.88721 2.9617 3.29751 3.18383
7.785 2.88718 2.95987 3.29648 3.18434
7.79 2.88679 2.95886 3.29617 3.18421
7.795 2.88611 2.95879 3.29661 3.18364
7.8 2.88527 2.95964 3.29773 3.18292
7.805 2.88436 2.96124 3.2994 3.18231
7.81 2.88351 2.96338 3.30139 3.18205
7.815 2.88282 2.96578 3.30349 3.18226
7.82 2.88239 2.96816 3.30546 3.18299
7.825 2.88231 2.97032 3.30714 3.18417
7.83 2.88266 2.97209 3.30842 3.18565
7.835 2.88349 2.97339 3.30924 3.18722
7.84 2.88484 2.97422 3.30965 3.18865
7.845 2.8867 2.97461 3.30971 3.18975
7.85 2.88903 2.97465 3.30954 3.19038
7.855 2.89173 2.97445 3.30929 3.19048
7.86 2.89463 2.97411 3.30907 3.19011
7.865 2.89752 2.97374 3.30902 3.18941
7.87 2.90016 2.97343 3.30923 3.18859
7.875 2.90228 2.97326 3.30974 3.18789
7.88 2.90366 2.97329 3.31061 3.18757
7.885 2.9041 2.97356 3.31183 3.18779
7.89 2.90355 2.97407 3.31337 3.18866
7.895 2.90203 2.97484 3.31517 3.19017
7.9 2.89975 2.97582 3.31717 3.19217
7.905 2.89702 2.97697 3.31926 3.19442
7.91 2.89427 2.97823 3.32132 3.19659
7.915 2.89197 2.97956 3.32324 3.19832
7.92 2.8906 2.98089 3.32487 3.19928
7.925 2.89053 2.9822 3.32612 3.19921
7.93 2.89199 2.98346 3.32688 3.19801
7.935 2.895 2.98465 3.32711 3.1957
7.94 2.89937 2.98578 3.32678 3.1925
7.945 2.90469 2.98683 3.32592 3.18874
7.95 2.91037 2.98779 3.3246 3.18488
7.955 2.91574 2.98863 3.32292 3.1814
7.96 2.92014 2.98929 3.32101 3.17876
7.965 2.92299 2.98972 3.31903 3.17729
7.97 2.92393 2.9899 3.31713 3.17721
7.975 2.92284 2.9898 3.31545 3.17853
7.98 2.91989 2.98944 3.31415 3.18108
7.985 2.91551 2.9889 3.31333 3.18455
7.99 2.91033 2.98827 3.31311 3.18852
7.995 2.90512 2.9877 3.31355 3.19253
