0 0 0 0.0269663 0.0269663
0.005 0 0 0.0527752 0.0527752
0.01 0 0 0.0763677 0.0763677
0.015 0 0 0.0968718 0.0968718
0.02 0 0 0.113674 0.113674
0.025 0 0 0.126468 0.126468
0.03 0 0 0.135271 0.135271
0.035 0 0 0.140417 0.140417
0.04 0 0 0.142514 0.142514
0.045 0 0 0.142386 0.142386
0.05 0 0 0.140989 0.14099
0.055 0 0 0.139325 0.139326
0.06 0 0 0.138347 0.13835
0.065 0 0 0.138882 0.138889
0.07 0 0 0.141563 0.141577
0.075 0 0 0.146781 0.146809
0.08 0 0 0.154669 0.154721
0.085 0 0 0.165106 0.165199
0.09 0 0 0.177747 0.177908
0.095 0 0 0.192078 0.192346
0.1 0 0 0.207476 0.207906
0.105 0 0 0.223282 0.223954
0.11 0 0 0.238877 0.239898
0.115 0 0 0.253741 0.25525
0.12 0 0 0.267505 0.269684
0.125 0 0 0.279979 0.283056
0.13 0 0 0.291164 0.295422
0.135 0 0 0.301243 0.307019
0.14 0 0 0.310544 0.31824
0.145 0 0 0.319504 0.329581
0.15 0 0 0.328607 0.34159
0.155 0 0 0.338334 0.354807
0.16 0 0 0.349107 0.369706
0.165 0 0 0.361246 0.386653
0.17 0 0 0.374942 0.40587
0.175 0 0 0.39024 0.427427
0.18 0 0 0.407046 0.451236
0.185 0 0 0.425149 0.47708
0.19 0 0 0.444252 0.504642
0.195 0 0 0.464014 0.53355
0.2 0 0 0.484098 0.563425
0.205 0 0 0.50421 0.593925
0.21 0 0 0.524139 0.624788
0.215 0 0 0.543778 0.655856
0.22 0 0 0.563136 0.687092
0.225 0 0 0.582331 0.718579
0.23 0 0 0.601573 0.750506
0.235 0 0 0.621137 0.783136
0.24 0 0 0.641322 0.816778
0.245 0 0 0.662414 0.851747
0.25 0 0 0.684653 0.888324
0.255 0 0 0.708205 0.926735
0.26 0 0 0.733145 0.967124
0.265 0 0 0.759452 1.00955
0.27 0 0 0.787026 1.05401
0.275 0 0 0.815704 1.10041
0.28 0 0 0.845298 1.14865
0.285 0 0 0.875624 1.19863
0.29 0 0 0.906544 1.25028
0.295 0 0 0.93799 1.30359
0.3 0 0 0.969987 1.35864
0.305 0 0 1.00266 1.41558
0.31 0 0 1.03623 1.47467
0.315 0 0 1.07099 1.53622
0.32 0 0 1.10727 1.6006
0.325 0 0 1.14544 1.6682
0.33 0 0 1.18582 1.73936
0.335 0 0 1.22868 1.8144
0.34 0 0 1.27421 1.89354
0.345 0 0 1.3225 1.97695
0.35 0 0 1.37353 2.06467
0.355 0 0 1.42721 2.15669
0.36 0 0 1.48336 2.25292
0.365 0 0 1.54177 2.35324
0.37 0 0 1.60223 2.45755
0.375 0 0 1.66455 2.56574
0.38 0 0 1.7286 2.67779
0.385 0 0 1.79434 2.79373
0.39 0 0 1.86183 2.91372
0.395 0 0 1.93122 3.03796
0.4 0 0 2.00276 3.16676
0.405 0 0 2.07679 3.30049
0.41 0 0 2.15365 3.43955
0.415 0 0 2.23373 3.58433
0.42 0 0 2.31738 3.69221
0.425 0 0 2.4049 3.74607
0.43 0 0 2.49652 3.75016
0.435 0 0 2.59237 3.71164
0.44 0 0 2.69252 3.63991
0.445 0 0 2.79683 3.54572
0.45 0 0 2.89542 3.44022
0.455 0 0 2.98421 3.33403
0.46 0 0 3.06115 3.23634
0.465 0 0 3.10382 3.15424
0.47 0 0 3.11416 3.09225
0.475 0 0 3.09664 3.05208
0.48 0 0 3.05109 3.03274
0.485 0 0 2.97839 3.03085
0.49 0 0 2.88693 3.04119
0.495 0 0 2.78551 3.05741
0.5 0 0 2.68262 3.07282
0.505 0 0 2.58582 3.08118
0.51 0 0 2.50115 3.07738
0.515 0 0 2.43268 3.05799
0.52 0 0 2.38237 3.0216
0.525 0 0 2.35008 2.96882
0.53 0 0 2.33382 2.90222
0.535 0 0 2.33009 2.82587
0.54 0 0 2.33435 2.74485
0.545 0 0 2.34164 2.6646
0.55 0 0 2.34703 2.59025
0.555 0 0 2.34618 2.52608
0.56 0 0 2.3357 2.47502
0.565 0 0 2.31347 2.43836
0.57 0 0 2.27873 2.41562
0.575 0 0 2.23208 2.4047
0.58 0 0 2.17538 2.40213
0.585 0 0 2.1114 2.40352
0.59 0 0 2.04358 2.40409
0.595 0 0 1.97555 2.39926
0.6 0 0 1.9108 2.38518
0.605 0 0 1.85232 2.35917
0.61 0 0 1.80231 2.32001
0.615 0 0 1.76197 2.26812
0.62 0 0 1.73145 2.20542
0.625 0 0 1.70989 2.1351
0.63 0 0 1.69553 2.06122
0.635 0 0 1.68594 1.98821
0.64 0 0 1.67835 1.92028
0.645 0 0 1.66988 1.86099
0.65 0 0 1.6579 1.81278
0.655 0 0 1.64032 1.77671
0.66 0 0 1.61573 1.75238
0.665 0 0 1.58362 1.738
0.67 0 0 1.5444 1.7306
0.675 0 0 1.49938 1.72643
0.68 0 0 1.45067 1.72138
0.685 0 0 1.40099 1.71145
0.69 0 0 1.35344 1.69325
0.695 0 0 1.31129 1.66435
0.7 0 0 1.27759 1.62354
0.705 0 0 1.255 1.57102
0.71 0 0 1.24544 1.50832
0.715 0 0 1.24995 1.43817
0.72 0 0 1.26848 1.36415
0.725 0 0 1.29985 1.2903
0.73 0 0 1.34179 1.22061
0.735 0 0 1.39102 1.15865
0.74 0 0 1.44345 1.10711
0.745 0 0 1.49451 1.06758
0.75 0 0 1.53945 1.04047
0.755 0 0 1.57372 1.0251
0.76 0 0 1.59331 1.01992
0.765 0 0 1.59506 1.02292
0.77 0 0 1.57699 1.03202
0.775 0 0 1.53841 1.04542
0.78 0 0 1.48009 1.06194
0.785 0 0 1.40423 1.08109
0.79 0 0 1.31441 1.10305
0.795 0 0.795822 1.2154 1.12837
0.8 0 1.36428 1.11293 1.15767
0.805 0 1.87127 1.01334 1.19112
0.81 0 2.27676 0.923214 1.22804
0.815 0 2.55014 0.848867 1.2666
0.82 0 2.67266 0.795911 1.30367
0.825 0 2.63863 0.768737 1.33494
0.83 0 2.45562 0.770074 1.35533
0.835 0 2.14342 0.800628 1.35959
0.84 0 1.73203 0.858864 1.34311
0.845 0 1.2588 0.940961 1.30284
0.85 0 1.49345 1.04098 1.238
0.855 0 1.5265 1.15121 1.15075
0.86 0 1.5754 1.26276 1.04633
0.865 0 1.64236 1.36621 0.932825
0.87 0 1.72661 1.45244 0.820362
0.875 0 1.82416 1.51337 0.719904
0.88 0 1.92804 1.54272 0.641681
0.885 0 2.02892 1.53659 0.593542
0.89 0 2.1163 1.49388 0.579496
0.895 0 2.1798 1.41647 0.598714
0.9 0 2.21054 1.30921 0.645247
0.905 0 2.20229 1.17954 0.708581
0.91 0 2.15224 1.03702 0.775008
0.915 0 2.06666 0.892544 0.82966
0.92 0 1.95721 0.757383 0.85886
0.925 0 1.83664 0.642166 0.852407
0.93 0 1.71805 0.555799 0.805347
0.935 0 1.61348 0.504491 0.718902
0.94 0 1.53282 0.490978 0.60035
0.945 0 1.48068 0.514071 0.461857
0.95 0 1.45633 0.568625 0.318472
0.955 0 1.46089 0.645964 0.185668
0.96 0 1.49313 0.73477 0.0768734
0.965 0 1.54948 0.822338 0.00146819
0.97 0 1.62422 0.89606 -0.0364328
0.975 0 1.70983 0.944937 -0.0382325
0.98 0 1.79748 0.960922 -0.0101835
0.985 0 1.87763 0.93989 0.0379861
0.99 0 1.94094 0.882098 0.094825
0.995 0 1.97918 0.792083 0.14894
1 0 1.98636 0.678024 0.190524
1.005 0 1.95962 0.550679 0.212463
1.01 0 1.8999 0.422072 0.211002
1.015 0 1.80337 0.30412 0.186044
1.02 0 1.67253 0.207396 0.141196
1.025 0 1.52126 0.140149 0.0836445
1.03 0 1.36544 0.107674 0.023843
1.035 0 1.22092 0.112033 -0.0250834
1.04 0 1.1016 0.152097 -0.0483992
1.045 0 1.01782 0.223844 -0.0314154
1.05 0 0.975443 0.320824 0.0382458
1.055 0 0.975568 0.434766 0.16798
1.06 0 1.01487 0.55626 0.357568
1.065 0 1.08643 0.67552 0.597194
1.07 0 1.18079 0.783191 0.866809
1.075 0 1.28701 0.871182 1.13736
1.08 0 1.39363 0.933451 1.37413
1.085 0 1.48373 0.966649 1.54185
1.09 0 1.54623 0.970511 1.61101
1.095 0 1.57391 0.947884 1.56394
1.1 0 1.56214 0.904344 1.39955
1.105 0 1.50954 0.847389 1.13541
1.11 0 1.41854 0.785315 0.806346
1.115 0 1.29575 0.72594 0.459551
1.12 0 1.15187 0.67541 0.146878
1.125 0 1.00093 0.637297 -0.0842963
1.13 0 0.858834 0.612198 -0.199777
1.135 0 0.741256 0.597909 -0.184987
1.14 0 0.661327 0.590154 -0.0476769
1.145 0 0.627405 0.583717 0.183747
1.15 0 0.641517 0.573733 0.465991
1.155 0 0.698821 0.556868 0.749515
1.16 0 0.788291 0.532118 0.988168
1.165 0 0.894589 0.501068 1.14773
1.17 0 1.00077 0.467554 1.21156
1.175 0 1.09123 0.436813 1.1822
1.18 0 1.15432 0.414317 1.07891
1.185 0 1.18392 0.40456 0.93183
1.19 0 1.17991 0.410051 0.774508
1.195 0 1.14726 0.430722 0.636495
1.2 0 1.09422 0.463863 0.537858
1.205 0 1.03006 0.504556 0.486602
1.21 0 0.962993 0.546495 0.479257
1.215 0 0.898839 0.583004 0.504011
1.22 0 0.840685 0.608032 0.545154
1.225 0 0.789541 0.616957 0.587377
1.23 0 0.745669 0.607081 0.618737
1.235 0 0.710065 0.577801 0.631665
1.24 0 0.68552 0.530494 0.622149
1.245 0 0.676801 0.468226 0.587874
1.25 0 0.689794 0.395375 0.526456
1.255 0 0.729767 0.317279 0.434813
1.26 0 0.799208 0.239908 0.310266
1.265 0 0.895892 0.169579 0.153186
1.27 0 1.01183 0.112642 -0.0296967
1.275 0 1.13353 0.0750832 -0.22272
1.28 0 1.24377 0.0620164 -0.400872
1.285 0 1.32452 0.0770641 -0.532493
1.29 0 1.36049 0.121712 -0.585137
1.295 0 1.34245 0.194748 -0.533624
1.3 0 1.26955 0.29194 -0.368353
1.305 0 1.15 0.406074 -0.101512
1.31 0 0.999901 0.527443 0.230984
1.315 0 0.840444 0.644778 0.573168
1.32 0 0.694015 0.746546 0.858266
1.325 0 0.580122 0.822426 1.02198
1.33 0 0.511981 0.864754 1.01699
1.335 0 0.494494 0.869683 0.825362
1.34 0 0.523998 0.837855 0.465416
1.345 0 0.589744 0.774457 -0.00877454
1.35 0 0.676656 0.688607 -0.515967
1.355 0 0.768676 0.592161 -0.962799
1.36 0 0.851879 0.498105 -1.26224
1.365 0 0.916685 0.418768 -1.3514
1.37 0 0.95876 0.364125 -1.20464
1.375 0 0.978565 0.34045 -0.838974
1.38 0.958392 0.979846 0.34951 -0.310584
1.385 1.28729 0.967635 0.388406 0.29682
1.39 1.59653 0.946368 0.450076 0.88902
1.395 1.88717 0.918685 0.524371 1.37981
1.4 2.15609 0.885185 0.599515 1.70691
1.405 2.40292 0.845151 0.663745 1.84186
1.41 2.6292 0.797918 0.70688 1.79223
1.415 2.83745 0.74439 0.721617 1.59612
1.42 3.03044 0.688139 0.70438 1.311
1.425 3.21076 0.635658 0.655665 0.99991
1.43 3.38078 0.595553 0.579855 0.718491
1.435 3.54272 0.5768 0.484595 0.50565
1.44 3.69895 0.586466 0.379822 0.379551
1.445 3.85215 0.627479 0.27662 0.338949
1.45 4.0053 0.697086 0.186021 0.368535
1.455 4.16153 0.786502 0.117881 0.446108
1.46 4.32374 0.881967 0.0799167 0.549196
1.465 4.49418 0.967105 0.076961 0.659355
1.47 4.67412 1.02612 0.11048 0.763392
1.475 4.86368 1.04715 0.178365 0.851949
1.48 5.06194 1.02501 0.27503 0.916769
1.485 5.2672 0.962601 0.391822 0.948392
1.49 5.47532 0.87068 0.517765 0.935688
1.495 5.66427 0.765883 0.640591 0.867899
1.5 5.77765 0.667422 0.748022 0.738748
1.505 5.79873 0.593135 0.829158 0.551241
1.51 5.73433 0.555772 0.875827 0.321256
1.515 5.59533 0.560339 0.883674 0.0781284
1.52 5.39511 0.603136 0.852816 -0.138775
1.525 5.14805 0.672699 0.787906 -0.287354
1.53 4.86824 0.752485 0.697534 -0.332486
1.535 4.56878 0.824663 0.593036 -0.255754
1.54 4.26146 0.874175 0.486862 -0.0624496
1.545 3.95681 0.892112 0.390786 0.216438
1.55 3.66426 0.877626 0.314246 0.528406
1.555 3.39223 0.837934 0.263122 0.809369
1.56 3.14786 0.786413 0.239158 0.997349
1.565 2.93659 0.739243 0.240116 1.04681
1.57 2.76142 0.711399 0.260594 0.940125
1.575 2.62235 0.712961 0.293325 0.693219
1.58 2.51611 0.746622 0.330668 0.353699
1.585 2.43638 0.806996 0.366005 -0.00839273
1.59 2.37476 0.881888 0.394758 -0.3153
1.595 2.32215 0.955198 0.414909 -0.498452
1.6 2.27042 1.01076 0.426958 -0.513704
1.605 2.21396 1.03613 0.433417 -0.351402
1.61 2.15068 1.02549 0.438024 -0.0389878
1.615 2.08217 0.980835 0.444857 0.364439
1.62 2.01308 0.911318 0.45754 0.780317
1.625 1.94961 0.830927 0.478669 1.12682
1.63 1.89771 0.755083 0.509475 1.33547
1.635 1.86134 0.697111 0.549713 1.36461
1.64 1.84129 0.665459 0.597701 1.20706
1.645 1.8348 0.662337 0.650441 0.890635
1.65 1.83622 0.684076 0.703784 0.471742
1.655 1.83844 0.722973 0.752652 0.0238789
1.66 1.83467 0.770056 0.791353 -0.376481
1.665 1.82013 0.817881 0.814051 -0.663638
1.67 1.79322 0.862558 0.81542 -0.793534
1.675 1.75568 0.9044 0.79144 -0.750017
1.68 1.7119 0.947034 0.740252 -0.54586
1.685 1.66745 0.995287 0.662887 -0.218924
1.69 1.62735 1.05254 0.563707 0.175363
1.695 1.59452 1.11848 0.450383 0.573599
1.7 1.56895 1.18799 0.333329 0.914411
1.705 1.54783 1.25178 0.224629 1.14744
1.71 1.52653 1.29866 0.136583 1.24019
1.715 1.50029 1.31892 0.080111 1.18225
1.72 1.46597 1.30799 0.0632847 0.986351
1.725 1.42338 1.26908 0.0902167 0.686556
1.73 1.37573 1.21408 0.160486 0.333577
1.735 1.32905 1.16204 0.269141 -0.012209
1.74 1.29056 1.13546 0.407233 -0.28939
1.745 1.26655 1.15506 0.562728 -0.444829
1.75 1.2603 1.23435 0.721641 -0.442427
1.755 1.27064 1.37532 0.869235 -0.26998
1.76 1.29165 1.56656 0.991196 0.0571745
1.765 1.31375 1.78433 1.07475 0.496689
1.77 1.32581 1.99674 1.10972 0.984302
1.775 1.31798 2.17005 1.0896 1.44308
1.78 1.28437 2.27574 1.01252 1.79554
1.785 1.22499 2.29677 0.882047 1.97682
1.79 1.14631 2.23133 0.707638 1.9464
1.795 1.06018 2.0934 0.504514 1.6964
1.8 0.981481 1.90972 0.292727 1.25456
1.805 0.924821 1.71399 0.0953705 0.681195
1.81 0.901176 1.53962 -0.0640041 0.0604906
1.815 0.915267 1.41279 -0.164473 -0.51259
1.82 0.964287 1.3473 -0.190868 -0.94746
1.825 1.03831 1.34255 -0.136402 -1.17261
1.83 1.12231 1.38479 -0.00424302 -1.14736
1.835 1.19924 1.45137 0.192334 -0.868688
1.84 1.25353 1.51669 0.431355 -0.372244
1.845 1.27416 1.55838 0.684953 0.272681
1.85 1.2566 1.56215 0.92313 0.973124
1.855 1.20321 1.52424 1.11785 1.62584
1.86 1.12224 1.45112 1.24677 2.13204
1.865 1.02555 1.35665 1.29602 2.41147
1.87 0.925821 1.25771 1.26163 2.41392
1.875 0.834004 1.16968 1.14956 2.12674
1.88 0.757429 1.10286 0.974371 1.57757
1.885 0.699139 1.06082 0.757015 0.831804
1.89 0.658408 1.04091 0.522155 -0.0150023
1.895 0.632168 1.03649 0.29542 -0.848947
1.9 0.616882 1.04015 0.100936 -1.55271
1.905 0.610233 1.04663 -0.0407257 -2.02181
1.91 0.612161 1.05465 -0.114158 -2.18018
1.915 0.624941 1.06692 -0.110343 -1.99274
1.92 0.652299 1.0885 -0.0275401 -1.47291
1.925 0.697862 1.12395 0.128208 -0.683324
1.93 0.763397 1.1743 0.343072 0.270941
1.935 0.847385 1.23494 0.596142 1.2564
1.94 0.944377 1.29519 0.861044 2.13063
1.945 1.04537 1.33988 1.10852 2.76447
1.95 1.13918 1.35275 1.30988 3.0632
1.955 1.21445 1.32078 1.44085 2.98298
1.96 1.26194 1.2383 1.48541 2.53926
1.965 1.27639 1.10965 1.43861 1.80533
1.97 1.25762 0.949661 1.308 0.900646
1.975 1.21052 0.781504 1.11305 -0.0290044
1.98 1.14399 0.632312 0.882516 -0.83632
1.985 1.06906 0.527569 0.650086 -1.39759
1.99 0.996568 0.485522 0.449125 -1.63348
1.995 0.935104 0.512967 0.307362 -1.52165
2 0.889495 0.603437 0.242621 -1.09887
2.005 0.86028 0.738241 0.260385 -0.452461
2.01 0.844189 0.890149 0.353635 0.296941
2.015 0.835475 1.02888 0.504913 1.0179
2.02 0.827719 1.12714 0.690098 1.59137
2.025 0.815656 1.16598 0.883035 1.93026
2.03 0.796566 1.13815 1.06004 1.99201
2.035 0.770914 1.04904 1.20339 1.78232
2.04 0.742108 0.91501 1.30319 1.35028
2.045 0.715482 0.759706 1.35754 0.776528
2.05 0.696785 0.609202 1.3711 0.157489
2.055 0.690572 0.487182 1.35279 -0.411009
2.06 0.698925 0.41105 1.31322 -0.847876
2.065 0.720792 0.389699 1.26253 -1.09656
2.07 0.752144 0.423131 1.20909 -1.12975
2.075 0.786869 0.503758 1.15904 -0.94936
2.08 0.818203 0.618809 1.1167 -0.582908
2.085 0.840343 0.753157 1.08517 -0.0777893
2.09 0.84984 0.891891 1.06692 0.505216
2.095 0.846446 1.02215 1.06387 1.0984
2.1 0.833201 1.13399 1.07697 1.63326
2.105 0.815742 1.22042 1.10535 2.04638
2.11 0.800982 1.27689 1.1455 2.28543
2.115 0.795476 1.3005 1.19084 2.31513
2.12 0.803835 1.28957 1.23214 2.12279
2.125 0.827561 1.24354 1.2588 1.72239
2.13 0.864571 1.16329 1.26095 1.15604
2.135 0.909514 1.05191 1.23184 0.491446
2.14 0.954796 0.915347 1.16997 -0.185036
2.145 0.992107 0.762855 1.08029 -0.779577
2.15 1.01407 0.60677 0.973982 -1.20487
2.155 1.01568 0.461618 0.866783 -1.39462
2.16 0.995172 0.34251 0.776087 -1.31575
2.165 0.954212 0.263064 0.717379 -0.975555
2.17 0.897331 0.233217 0.700874 -0.422087
2.175 0.830814 0.257352 0.729158 0.262907
2.18 0.761314 0.333133 0.79641 0.977382
2.185 0.69454 0.451349 0.889471 1.61629
2.19 0.634336 0.59688 0.990519 2.08941
2.195 0.582351 0.750698 1.08076 2.33618
2.2 0.538351 0.892601 1.14429 2.33464
2.205 0.501038 1.00424 1.17119 2.10282
2.21 0.469131 1.07193 1.15927 1.69276
2.215 0.442376 1.0887 1.11394 1.17859
2.22 0.422176 1.0552 1.04654 0.641729
2.225 0.411649 0.97945 0.971382 0.156304
2.23 0.415062 0.875144 0.902453 -0.222131
2.235 0.436772 0.759214 0.850515 -0.462677
2.24 0.479922 0.648862 0.821255 -0.559345
2.245 0.545246 0.558745 0.814867 -0.526339
2.25 0.630291 0.49884 0.827003 -0.390274
2.255 0.72927 0.473352 0.850696 -0.181764
2.26 0.833604 0.480827 0.878628 0.0713813
2.265 0.933061 0.51533 0.905059 0.347844
2.27 1.01722 0.568337 0.926911 0.632958
2.275 1.07694 0.630824 0.943741 0.916017
2.28 1.10559 0.695044 0.956735 1.18622
2.285 1.09974 0.755569 0.967117 1.42905
2.29 1.05927 0.809436 0.974559 1.62468
2.295 0.987042 0.855472 0.976168 1.74918
2.3 0.888232 0.893119 0.966456 1.77858
2.305 0.769596 0.921233 0.938394 1.69466
2.31 0.638875 0.937306 0.885322 1.49101
2.315 0.504425 0.937457 0.803218 1.17756
2.32 0.375066 0.917257 0.69267 0.782206
2.325 0.260012 0.873201 0.559974 0.348767
2.33 0.168697 0.804394 0.416945 -0.0684427
2.335 0.110317 0.713913 0.279388 -0.41254
2.34 0.0930083 0.609329 0.164493 -0.632888
2.345 0.122708 0.502114 0.0877385 -0.693124
2.35 0.201879 0.405921 0.0599753 -0.576927
2.355 0.328396 0.334065 0.0853864 -0.290605
2.36 0.494903 0.296805 0.160761 0.137744
2.365 0.688889 0.299091 0.276233 0.66209
2.37 0.893606 0.339402 0.417285 1.22449
2.375 1.08974 0.410008 0.567509 1.76225
2.38 1.25765 0.498663 0.711497 2.21514
2.385 1.37973 0.59132 0.837211 2.53202
2.39 1.44258 0.675222 0.93737 2.67624
2.395 1.43866 0.741569 1.00966 2.62962
2.4 1.36707 0.7871 1.05585 2.39473
2.405 1.23359 0.814183 1.08025 1.99548
2.41 1.04996 0.829406 1.0879 1.47559
2.415 0.832596 0.841087 1.08307 0.895011
2.42 0.600959 0.856377 1.06839 0.323996
2.425 0.375855 0.878775 1.04477 -0.164761
2.43 0.177684 0.906741 1.012 -0.505334
2.435 0.0247621 0.933809 0.969688 -0.647983
2.44 -0.0682615 0.95019 0.918253 -0.567352
2.445 -0.0918514 0.945448 0.859524 -0.26787
2.45 -0.0427941 0.911543 0.796814 0.214907
2.455 0.075007 0.845427 0.734422 0.817755
2.46 0.250371 0.750503 0.676739 1.4579
2.465 0.465516 0.636535 0.627293 2.04478
2.47 0.697691 0.518029 0.588033 2.49355
2.475 0.921682 0.411471 0.559128 2.73817
2.48 1.11295 0.332092 0.539346 2.7416
2.485 1.2509 0.290956 0.526905 2.50149
2.49 1.32178 0.293019 0.52051 2.05009
2.495 1.32052 0.336569 0.520208 1.4488
2.5 1.2513 0.414062 0.52773 0.778195
2.505 1.12651 0.514055 0.546116 0.125493
2.51 0.96443 0.623653 0.578651 -0.4283
2.515 0.78602 0.73084 0.627345 -0.819503
2.52 0.611538 0.82615 0.691379 -1.00948
2.525 0.457636 0.90337 0.766001 -0.988174
2.53 0.33551 0.959293 0.842292 -0.773356
2.535 0.250375 0.992789 0.908022 -0.40633
2.54 0.20218 1.00365 0.949558 0.0549061
2.545 0.187229 0.991673 0.954504 0.543769
2.55 0.200109 0.95639 0.914526 0.993411
2.555 0.235364 0.89745 0.82772 1.3444
2.56 0.288453 0.815626 0.699934 1.55123
2.565 0.355821 0.714004 0.544661 1.58728
2.57 0.434209 0.598915 0.381396 1.44803
2.575 0.519587 0.480178 0.232717 1.15206
2.58 0.606232 0.370398 0.120591 0.739762
2.585 0.686412 0.283334 0.0626317 0.269216
2.59 0.750958 0.231603 0.0690098 -0.190516
2.595 0.790716 0.224215 0.140615 -0.568478
2.6 0.798545 0.264505 0.268813 -0.802228
2.605 0.771355 0.348976 0.436808 -0.84811
2.61 0.711557 0.467375 0.622335 -0.689597
2.615 0.627476 0.604048 0.801167 -0.341888
2.62 0.532472 0.740339 0.95079 0.14856
2.625 0.442878 0.857562 1.05365 0.710059
2.63 0.375184 0.939964 1.09946 1.25668
2.635 0.343061 0.977116 1.08633 1.7025
2.64 0.354898 0.965304 1.02057 1.97647
2.645 0.412376 0.907714 0.915466 2.03523
2.65 0.510337 0.813494 0.789163 1.871
2.655 0.637901 0.695942 0.662065 1.51306
2.66 0.780485 0.570252 0.554121 1.02237
2.665 0.922213 0.451274 0.482265 0.480326
2.67 1.04818 0.351659 0.458265 -0.0259838
2.675 1.14614 0.280651 0.487151 -0.419037
2.68 1.20743 0.243582 0.566384 -0.643653
2.685 1.22719 0.242 0.68586 -0.674853
2.69 1.20398 0.274235 0.828822 -0.519589
2.695 1.13935 0.336155 0.97369 -0.212529
2.7 1.03733 0.421923 1.09671 0.192664
2.705 0.904283 0.524602 1.17522 0.634274
2.71 0.748831 0.636588 1.19105 1.05317
2.715 0.581855 0.749902 1.13379 1.40102
2.72 0.416184 0.856449 1.00303 1.64489
2.725 0.265816 0.948344 0.809434 1.76798
2.73 0.144572 1.01838 0.574 1.76751
2.735 0.0643093 1.06061 0.325594 1.65101
2.74 0.0330074 1.07108 0.0969375 1.43276
2.745 0.0531575 1.04839 -0.0803669 1.13139
2.75 0.120898 0.994166 -0.180983 0.769157
2.755 0.226201 0.913165 -0.190231 0.372429
2.76 0.354204 0.812945 -0.106888 -0.0276122
2.765 0.487496 0.703136 0.0561787 -0.395255
2.77 0.608951 0.59436 0.273766 -0.692494
2.775 0.704548 0.496941 0.512212 -0.883473
2.78 0.765597 0.419606 0.734754 -0.940555
2.785 0.789943 0.368377 0.907434 -0.850644
2.79 0.781909 0.345821 1.00448 -0.61999
2.795 0.751041 0.350785 1.01226 -0.275842
2.8 0.709949 0.378663 0.931138 0.136098
2.805 0.671701 0.422148 0.774948 0.558393
2.81 0.647305 0.472367 0.568394 0.931647
2.815 0.64373 0.520227 0.342807 1.20532
2.82 0.662789 0.557771 0.131175 1.34716
2.825 0.701016 0.579345 -0.0367404 1.34895
2.83 0.750459 0.58241 -0.138402 1.22729
2.835 0.800194 0.567865 -0.161109 1.01908
2.84 0.838249 0.539842 -0.102986 0.772851
2.845 0.853634 0.505002 0.0275561 0.538012
2.85 0.838173 0.471424 0.2136 0.354656
2.855 0.787915 0.447276 0.432308 0.246214
2.86 0.703965 0.439449 0.657878 0.216623
2.865 0.592649 0.452396 0.864507 0.252335
2.87 0.464981 0.487344 1.0291 0.328308
2.875 0.335484 0.542024 1.13357 0.416087
2.88 0.220471 0.610955 1.16662 0.491674
2.885 0.135962 0.686256 1.12492 0.541094
2.89 0.0954978 0.758826 1.01365 0.562336
2.895 0.108122 0.819724 0.84619 0.56347
2.9 0.176859 0.861494 0.642892 0.557873
2.905 0.297924 0.879223 0.42898 0.558287
2.91 0.46085 0.871173 0.231572 0.57171
2.915 0.649547 0.838888 0.0761875 0.59675
2.92 0.844173 0.786797 -0.0168323 0.624278
2.925 1.02356 0.721412 -0.035413 0.641092
2.93 1.16784 0.650293 0.0222291 0.635362
2.935 1.26086 0.580971 0.147084 0.602015
2.94 1.29205 0.52002 0.320575 0.54619
2.945 1.2576 0.472405 0.517414 0.483453
2.95 1.16069 0.441161 0.709626 0.436422
2.955 1.0109 0.427392 0.871054 0.42859
2.96 0.822991 0.430502 0.981518 0.477002
2.965 0.615182 0.448543 1.02983 0.585935
2.97 0.407203 0.478576 1.0151 0.743523
2.975 0.218322 0.516973 0.946164 0.922556
2.98 0.065525 0.559625 0.839243 1.08553
2.985 -0.0380503 0.602095 0.714391 1.19288
2.99 -0.0842964 0.639786 0.591521 1.21233
2.995 -0.0708682 0.668179 0.48681 1.12701
3 -0.00137919 0.683198 0.410186 0.940258
3.005 0.114995 0.68169 0.364339 0.675637
3.01 0.264522 0.661954 0.345332 0.372315
3.015 0.430469 0.62421 0.344534 0.0767675
3.02 0.59506 0.570876 0.351345 -0.167056
3.025 0.741603 0.506531 0.356028 -0.326697
3.03 0.856476 0.437519 0.352033 -0.38713
3.035 0.930667 0.371207 0.337323 -0.352373
3.04 0.960621 0.314999 0.314527 -0.242619
3.045 0.948255 0.275293 0.289973 -0.0878907
3.05 0.90018 0.25656 0.271937 0.0799153
3.055 0.826307 0.260744 0.268551 0.234437
3.06 0.738152 0.287086 0.285842 0.359822
3.065 0.647174 0.33241 0.326322 0.452191
3.07 0.563465 0.39178 0.388322 0.517547
3.075 0.494973 0.459377 0.466161 0.567109
3.08 0.447273 0.529398 0.551013 0.611712
3.085 0.423768 0.596778 0.632255 0.657096
3.09 0.426084 0.657597 0.699036 0.70153
3.095 0.45438 0.709133 0.741807 0.736431
3.1 0.507417 0.749602 0.75364 0.74969
3.105 0.582298 0.777725 0.73118 0.730561
3.11 0.674023 0.792297 0.675197 0.674499
3.115 0.775063 0.79192 0.590687 0.586342
3.12 0.875304 0.775036 0.486519 0.480722
3.125 0.962573 0.740275 0.374626 0.379449
3.13 1.0239 0.687051 0.268775 0.306485
3.135 1.04743 0.616265 0.182967 0.281903
3.14 1.0246 0.530899 0.129617 0.316503
3.145 0.952282 0.436315 0.117719 0.408634
3.15 0.834157 0.340106 0.151276 0.544126
3.155 0.681076 0.251447 0.228286 0.699384
3.16 0.510039 0.180004 0.340537 0.846802
3.165 0.341895 0.134562 0.47438 0.961015
3.17 0.198104 0.121607 0.612443 1.0243
3.175 0.0971459 0.144133 0.736102 1.02971
3.18 0.0512819 0.200903 0.828318 0.98126
3.185 0.0643392 0.286349 0.876373 0.891189
3.19 0.130996 0.391148 0.873985 0.775419
3.195 0.237746 0.503416 0.822397 0.64858
3.2 0.365364 0.61034 0.730206 0.520223
3.205 0.492407 0.699967 0.611935 0.393361
3.21 0.599043 0.762862 0.485609 0.265774
3.215 0.670474 0.793355 0.36978 0.133587
3.22 0.699301 0.790157 0.280547 -0.00407415
3.225 0.686416 0.756273 0.229119 -0.140989
3.23 0.64032 0.698228 0.220325 -0.261841
3.235 0.575087 0.624791 0.252289 -0.343309
3.24 0.507425 0.545435 0.317229 -0.358362
3.245 0.453479 0.46885 0.40316 -0.282941
3.25 0.425965 0.401769 0.496086 -0.103404
3.255 0.432149 0.348323 0.582258 0.177209
3.26 0.472964 0.310008 0.650098 0.535941
3.265 0.543295 0.286197 0.691507 0.93087
3.27 0.633253 0.275034 0.702446 1.30646
3.275 0.73008 0.274433 0.682835 1.60246
3.28 0.820282 0.282924 0.635928 1.7646
3.285 0.891584 0.300104 0.567387 1.75493
3.29 0.934438 0.326573 0.484273 1.55955
3.295 0.94295 0.363389 0.394112 1.19225
3.3 0.915217 0.411185 0.304147 0.693154
3.305 0.853209 0.469219 0.220778 0.122866
3.31 0.762338 0.534649 0.149193 -0.446785
3.315 0.650861 0.60227 0.0931335 -0.943549
3.32 0.529205 0.664869 0.0547958 -1.30513
3.325 0.409204 0.714172 0.0348563 -1.48742
3.33 0.30321 0.742203 0.0326458 -1.46949
3.335 0.223003 0.742783 0.0464783 -1.25489
3.34 0.178487 0.712809 0.0741144 -0.869688
3.345 0.176236 0.653039 0.113285 -0.357914
3.35 0.218087 0.568166 0.162166 0.224484
3.355 0.30006 0.466196 0.219656 0.816177
3.36 0.411935 0.357231 0.285364 1.35678
3.365 0.537772 0.251962 0.359238 1.79249
3.37 0.657522 0.160176 0.440896 2.08081
3.375 0.749652 0.0895705 0.528818 2.19436
3.38 0.794492 0.0450825 0.619622 2.12362
3.385 0.777759 0.0287534 0.707704 1.87842
3.39 0.693598 0.040049 0.785426 1.48783
3.395 0.546489 0.0764289 0.843975 0.998192
3.4 0.351487 0.133941 0.874787 0.46886
3.405 0.132589 0.207667 0.871331 -0.0341125
3.41 -0.0806351 0.291954 0.830837 -0.44593
3.415 -0.257653 0.380487 0.755588 -0.711732
3.42 -0.371993 0.466365 0.653374 -0.794693
3.425 -0.40577 0.542371 0.536904 -0.682176
3.43 -0.352806 0.601576 0.422175 -0.38869
3.435 -0.219741 0.638311 0.32602 0.0451062
3.44 -0.024875 0.649349 0.263278 0.557485
3.445 0.205027 0.635034 0.244127 1.0742
3.45 0.43934 0.599987 0.272102 1.51922
3.455 0.648685 0.553047 0.343218 1.82595
3.46 0.809521 0.506265 0.446395 1.9471
3.465 0.90739 0.472972 0.56512 1.86166
3.47 0.938245 0.465207 0.680047 1.57773
3.475 0.907764 0.491007 0.772068 1.1311
3.48 0.828962 0.552172 0.825309 0.579636
3.485 0.718786 0.643089 0.829554 -0.00531743
3.49 0.594507 0.750999 0.781705 -0.5492
3.495 0.470742 0.857796 0.686123 -0.984538
3.5 0.357672 0.943096 0.553838 -1.25981
3.505 0.260699 0.988006 0.400839 -1.34573
3.51 0.181401 0.978829 0.24574 -1.23818
3.515 0.119309 0.90993 0.107205 -0.95774
3.52 0.0738747 0.785164 0.00146265 -0.54594
3.525 0.0459808 0.617532 -0.0597654 -0.0590401
3.53 0.0385342 0.427173 -0.0707071 0.439792
3.535 0.0559708 0.238086 -0.0322032 0.888819
3.54 0.102834 0.0742718 0.0484682 1.23554
3.545 0.181862 -0.0439548 0.15859 1.44298
3.55 0.292175 -0.102813 0.281727 1.49381
3.555 0.428128 -0.0966336 0.399997 1.39176
3.56 0.579235 -0.0280293 0.496626 1.16025
3.565 0.731273 0.0931622 0.55845 0.838491
3.57 0.868373 0.251785 0.578024 0.475644
3.575 0.975637 0.429636 0.554954 0.123834
3.58 1.04168 0.607675 0.496207 -0.168959
3.585 1.0605 0.76787 0.415249 -0.365118
3.59 1.03231 0.894588 0.330071 -0.441888
3.595 0.963075 0.97558 0.260364 -0.393557
3.6 0.86306 1.00271 0.224264 -0.231138
3.605 0.744654 0.972527 0.235209 0.0202468
3.61 0.620108 0.886808 0.299454 0.325737
3.615 0.499693 0.752839 0.41468 0.646043
3.62 0.390678 0.58335 0.569992 0.942848
3.625 0.297272 0.395803 0.747306 1.18349
3.63 0.221402 0.210869 0.923923 1.34434
3.635 0.163972 0.0501148 1.07587 1.41266
3.64 0.126122 -0.0668943 1.18146 1.38679
3.645 0.110026 -0.125598 1.22453 1.27512
3.65 0.118928 -0.118981 1.19685 1.09413
3.655 0.156343 -0.0490637 1.09936 0.865929
3.66 0.224613 0.0731037 0.9421 0.615704
3.665 0.323251 0.22906 0.742941 0.369315
3.67 0.447561 0.395967 0.525176 0.151144
3.675 0.588035 0.550503 0.314468 -0.0177748
3.68 0.730818 0.672856 0.135473 -0.121355
3.685 0.859306 0.749987 0.0085846 -0.149778
3.69 0.956606 0.777504 -0.05279 -0.100467
3.695 1.00841 0.759779 -0.0440734 0.0214153
3.7 1.00563 0.708332 0.0297768 0.203103
3.705 0.946271 0.63891 0.154846 0.425114
3.71 0.83603 0.567943 0.31011 0.662935
3.715 0.687508 0.509196 0.470368 0.889384
3.72 0.518175 0.47133 0.609909 1.07744
3.725 0.347492 0.45683 0.706382 1.20319
3.73 0.193793 0.462417 0.744311 1.24846
3.735 0.0715508 0.480705 0.717621 1.20288
3.74 -0.0104396 0.502569 0.630737 1.06504
3.745 -0.0496641 0.519599 0.497973 0.842665
3.75 -0.0492637 0.526041 0.341258 0.551971
3.755 -0.0164339 0.519814 0.186539 0.21615
3.76 0.039695 0.502486 0.0594708 -0.136562
3.765 0.110157 0.47835 -0.0188492 -0.47516
3.77 0.187744 0.452967 -0.0353251 -0.768264
3.775 0.267773 0.431618 0.0131248 -0.986559
3.78 0.34794 0.418091 0.119328 -1.10523
3.785 0.427414 0.414048 0.267379 -1.10632
3.79 0.505521 0.419049 0.435567 -0.981008
3.795 0.58046 0.431088 0.60011 -0.731413
3.8 0.648464 0.447392 0.738968 -0.371864
3.805 0.703706 0.465185 0.835051 0.0709031
3.81 0.739028 0.482177 0.87833 0.558896
3.815 0.747369 0.496691 0.866604 1.04557
3.82 0.723553 0.507454 0.804971 1.4801
3.825 0.666013 0.51323 0.704291 1.81292
3.83 0.57799 0.512496 0.579033 2.00186
3.835 0.467868 0.503362 0.444963 2.01819
3.84 0.348471 0.483812 0.317016 1.85148
3.845 0.235375 0.452239 0.207585 1.51241
3.85 0.144501 0.408121 0.125339 1.03298
3.855 0.0894255 0.352605 0.0745402 0.463734
3.86 0.0789177 0.288791 0.0548521 -0.131783
3.865 0.115178 0.221547 0.0615856 -0.684686
3.87 0.193144 0.156858 0.0863945 -1.12951
3.875 0.301024 0.100799 0.118434 -1.41284
3.88 0.421991 0.0583685 0.145972 -1.50055
3.885 0.536764 0.0324519 0.158344 -1.38261
3.89 0.626618 0.0231832 0.148027 -1.07465
3.895 0.676312 0.0278612 0.112476 -0.616103
3.9 0.676414 0.0414678 0.0552846 -0.065194
3.905 0.624641 0.0576847 -0.0137109 0.508665
3.91 0.525983 0.0701945 -0.0796434 1.03387
3.915 0.39165 0.0739876 -0.125112 1.44588
3.92 0.237033 0.0663996 -0.133637 1.69538
3.925 0.0791017 0.0476642 -0.0934408 1.75441
3.93 -0.0663005 0.0208705 -0.000763147 1.6195
3.935 -0.186771 -0.00866633 0.138107 1.31161
3.94 -0.274896 -0.0344958 0.306685 0.872835
3.945 -0.328808 -0.0503788 0.480271 0.360466
3.95 -0.351743 -0.0516363 0.629836 -0.160757
3.955 -0.350765 -0.0362509 0.727144 -0.627132
3.96 -0.334986 -0.00551091 0.750104 -0.984038
3.965 -0.313658 0.0359368 0.687272 -1.19249
3.97 -0.294532 0.0806652 0.54052 -1.23342
3.975 -0.282748 0.119611 0.325291 -1.10916
3.98 -0.280389 0.143618 0.0683339 -0.842155
3.985 -0.286685 0.145137 -0.196632 -0.471211
3.99 -0.298697 0.119784 -0.434465 -0.0458548
3.995 -0.312243 0.067465 -0.614275 0.380228
4 -0.322823 -0.00716802 -0.714129 0.755851
4.005 -0.326352 -0.0950884 -0.723985 1.03824
4.01 -0.319598 -0.184069 -0.646436 1.19752
4.015 -0.300372 -0.260513 -0.495322 1.21948
4.02 -0.267544 -0.311635 -0.292692 1.10634
4.025 -0.221052 -0.327598 -0.064857 0.875727
4.03 -0.161996 -0.303217 0.161645 0.558079
4.035 -0.0928762 -0.238865 0.363466 0.192834
4.04 -0.0178922 -0.14044 0.522802 -0.176152
4.045 0.0568368 -0.0183618 0.628512 -0.505518
4.05 0.123333 0.114159 0.676155 -0.757211
4.055 0.172272 0.243231 0.66723 -0.902741
4.06 0.194033 0.356335 0.607994 -0.926452
4.065 0.180213 0.443923 0.508172 -0.827405
4.07 0.125394 0.500292 0.379744 -0.619581
4.075 0.028812 0.523654 0.23587 -0.330249
4.08 -0.10447 0.515517 0.089892 0.00342746
4.085 -0.263243 0.479658 -0.0456429 0.339177
4.09 -0.430918 0.421016 -0.159985 0.635222
4.095 -0.587368 0.344831 -0.245151 0.855862
4.1 -0.711648 0.256201 -0.296723 0.976196
4.105 -0.785149 0.160073 -0.314282 0.985176
4.11 -0.794637 0.0615142 -0.301313 0.88651
4.115 -0.734608 -0.0340019 -0.264512 0.697254
4.12 -0.6085 -0.120563 -0.212545 0.444426
4.125 -0.428499 -0.192223 -0.154487 0.160316
4.13 -0.213958 -0.243854 -0.098256 -0.122579
4.135 0.0113172 -0.272275 -0.0493711 -0.376014
4.14 0.222436 -0.277324 -0.0103399 -0.579091
4.145 0.396868 -0.262501 0.0192099 -0.719554
4.15 0.517407 -0.234854 0.041694 -0.793336
4.155 0.574184 -0.203979 0.0602626 -0.80278
4.16 0.565509 -0.180237 0.0773691 -0.75428
4.165 0.497483 -0.172537 0.0935994 -0.656123
4.17 0.382586 -0.186212 0.107079 -0.51715
4.175 0.237565 -0.221528 0.113634 -0.346519
4.18 0.0810232 -0.273287 0.107683 -0.154435
4.185 -0.0688962 -0.331688 0.0836853 0.0466876
4.19 -0.196443 -0.384357 0.0377967 0.241319
4.195 -0.289619 -0.419079 -0.0306206 0.410882
4.2 -0.340928 -0.426626 -0.117996 0.535216
4.205 -0.347558 -0.402989 -0.216294 0.595426
4.21 -0.311131 -0.350448 -0.313603 0.577655
4.215 -0.237149 -0.27722 -0.39552 0.476898
4.22 -0.134255 -0.195725 -0.447128 0.299843
4.225 -0.0133828 -0.119909 -0.455295 0.0657995
4.23 0.113167 -0.0622218 -0.410939 -0.194836
4.235 0.232721 -0.0310032 -0.310925 -0.444553
4.24 0.33328 -0.0288358 -0.15928 -0.644551
4.245 0.404596 -0.0522361 0.0325212 -0.761319
4.25 0.439197 -0.0926761 0.24633 -0.772655
4.255 0.433247 -0.138627 0.459177 -0.671866
4.26 0.387105 -0.17808 0.646065 -0.469285
4.265 0.30546 -0.200928 0.783385 -0.190795
4.27 0.196949 -0.200679 0.852507 0.126312
4.275 0.073246 -0.175174 0.842978 0.439259
4.28 -0.0523067 -0.126298 0.754731 0.706334
4.285 -0.166342 -0.0588809 0.598817 0.89283
4.29 -0.257167 0.0207767 0.396338 0.975439
4.295 -0.316235 0.106318 0.175582 0.944547
4.3 -0.33915 0.192311 -0.0322923 0.804405
4.305 -0.326028 0.274606 -0.198344 0.57153
4.31 -0.281146 0.350107 -0.300828 0.271954
4.315 -0.211949 0.416179 -0.329084 -0.0620308
4.32 -0.127613 0.469996 -0.285515 -0.395151
4.325 -0.0374368 0.508177 -0.185176 -0.692197
4.33 0.0505989 0.526871 -0.0529312 -0.920823
4.335 0.130836 0.522361 0.0813195 -1.05423
4.34 0.200308 0.492001 0.188462 -1.07379
4.345 0.258422 0.435228 0.245857 -0.971617
4.35 0.306087 0.354314 0.241746 -0.752611
4.355 0.344515 0.254581 0.177453 -0.435641
4.36 0.374049 0.143977 0.0669372 -0.0531008
4.365 0.39335 0.0320411 -0.0662147 0.351544
4.37 0.39921 -0.0715157 -0.193684 0.728391
4.375 0.387102 -0.158289 -0.288175 1.02754
4.38 0.352388 -0.222381 -0.32882 1.20653
4.385 0.291943 -0.261062 -0.305128 1.23739
4.39 0.20579 -0.274756 -0.218743 1.11214
4.395 0.0983421 -0.266407 -0.0827458 0.845249
4.4 -0.0211502 -0.240423 0.0812128 0.472541
4.405 -0.139142 -0.201462 0.247238 0.0463307
4.41 -0.239351 -0.153398 0.390004 -0.372407
4.415 -0.305099 -0.0986775 0.489076 -0.723546
4.42 -0.322033 -0.0382072 0.531945 -0.957275
4.425 -0.280724 0.0282463 0.515346 -1.04179
4.43 -0.178613 0.101284 0.444834 -0.967862
4.435 -0.0209426 0.180949 0.332949 -0.749538
4.44 0.179533 0.265904 0.196535 -0.420988
4.445 0.40402 0.352918 0.0538479 -0.0302711
4.45 0.630058 0.436806 -0.077997 0.368698
4.455 0.834402 0.510865 -0.184908 0.72448
4.46 0.995915 0.567743 -0.256912 0.995301
4.465 1.09806 0.600601 -0.288567 1.15405
4.47 1.13067 0.604375 -0.278897 1.19052
4.475 1.09081 0.576914 -0.231075 1.111
4.48 0.982836 0.519799 -0.151992 0.935525
4.485 0.817696 0.438676 -0.0517349 0.69372
4.49 0.611681 0.34298 0.0571159 0.419991
4.495 0.384857 0.245059 0.160497 0.1488
4.5 0.159286 0.158726 0.244275 -0.0894
4.505 -0.0428717 0.0974172 0.296021 -0.27127
4.51 -0.201315 0.0721837 0.306961 -0.382604
4.515 -0.299562 0.0898143 0.273748 -0.419257
4.52 -0.326793 0.151394 0.199639 -0.387029
4.525 -0.279396 0.251582 0.0946783 -0.300542
4.53 -0.16194 0.378796 -0.0253453 -0.181179
4.535 0.0126926 0.516366 -0.141163 -0.0541781
4.54 0.224244 0.644565 -0.233216 0.054894
4.545 0.447171 0.743261 -0.285213 0.12395
4.55 0.653756 0.79483 -0.287358 0.137963
4.555 0.817885 0.786888 -0.238523 0.0917417
4.56 0.918911 0.71441 -0.146825 -0.00864045
4.565 0.94497 0.580908 -0.0283626 -0.146189
4.57 0.89506 0.398445 0.0957604 -0.295214
4.575 0.77945 0.186451 0.203592 -0.425242
4.58 0.61821 -0.0305061 0.276859 -0.506049
4.585 0.438043 -0.225722 0.304921 -0.512999
4.59 0.267925 -0.373744 0.287254 -0.431756
4.595 0.134325 -0.453718 0.233866 -0.261507
4.6 0.0568494 -0.452273 0.163428 -0.0160375
4.605 0.0451297 -0.365591 0.0994027 0.277575
4.61 0.0974809 -0.200393 0.0649017 0.582516
4.615 0.201556 0.0263353 0.0773221 0.857483
4.62 0.336819 0.2889 0.143916 1.06279
4.625 0.47832 0.555655 0.259326 1.16637
4.63 0.601058 0.792725 0.405742 1.14871
4.635 0.68413 0.968307 0.555834 1.00602
4.64 0.71396 1.05708 0.677984 0.751156
4.645 0.68615 1.04411 0.742864 0.412182
4.65 0.605735 0.927691 0.730022 0.0289042
4.655 0.485965 0.720554 0.633067 -0.35222
4.66 0.345926 0.449109 0.46227 -0.683993
4.665 0.207485 0.150614 0.24386 -0.924454
4.67 0.0920676 -0.131502 0.0159824 -1.04214
4.675 0.0177144 -0.35362 -0.178036 -1.01999
4.68 -0.00323899 -0.478367 -0.297861 -0.857411
4.685 0.0343472 -0.480537 -0.314151 -0.570312
4.69 0.12784 -0.351495 -0.214766 -0.189119
4.695 0.267164 -0.10127 -0.00786771 0.244944
4.7 0.435961 0.242144 0.278782 0.684803
4.705 0.613472 0.636284 0.602262 1.08309
4.71 0.77697 1.03007 0.911847 1.3976
4.715 0.904546 1.37113 1.15786 1.59597
4.72 0.977964 1.61354 1.30032 1.65905
4.725 0.985255 1.72461 1.31574 1.58262
4.73 0.922689 1.68985 1.20088 1.37732
4.735 0.795777 1.51508 0.972826 1.06687
4.74 0.61905 1.22559 0.665597 0.685028
4.745 0.414499 0.862331 0.324045 0.271507
4.75 0.208818 0.475794 -0.0036351 -0.13239
4.755 0.029755 0.118533 -0.273428 -0.488135
4.76 -0.0978794 -0.162565 -0.451764 -0.763789
4.765 -0.155924 -0.333082 -0.51967 -0.937003
4.77 -0.135671 -0.375958 -0.474418 -0.996958
4.775 -0.0392527 -0.293765 -0.328781 -0.945138
4.78 0.120626 -0.108051 -0.108374 -0.794864
4.785 0.322603 0.144142 0.152275 -0.569643
4.79 0.539878 0.416058 0.414282 -0.300423
4.795 0.744169 0.658457 0.639058 -0.0219683
4.8 0.909743 0.827233 0.792708 0.2313
4.805 1.01683 0.890263 0.849937 0.429572
4.81 1.05389 0.832451 0.797268 0.55146
4.815 1.01849 0.658155 0.635308 0.586806
4.82 0.916714 0.390586 0.379723 0.537972
4.825 0.761391 0.0682146 0.0605005 0.419313
4.83 0.569575 -0.261296 -0.280806 0.254788
4.835 0.35979 -0.548689 -0.595949 0.0739934
4.84 0.149523 -0.751049 -0.836648 -0.0927538
4.845 -0.0466678 -0.838771 -0.962243 -0.219473
4.85 -0.218244 -0.800416 -0.94713 -0.288792
4.855 -0.358982 -0.644633 -0.786517 -0.294636
4.86 -0.466619 -0.398807 -0.499127 -0.242812
4.865 -0.542092 -0.104672 -0.125912 -0.149377
4.87 -0.588623 0.188394 0.275465 -0.0371176
4.875 -0.610843 0.431266 0.639722 0.0691394
4.88 -0.614073 0.582869 0.905132 0.147441
4.885 -0.603778 0.616622 1.02473 0.18286
4.89 -0.585134 0.524529 0.975308 0.170094
4.895 -0.562642 0.318341 0.762344 0.11406
4.9 -0.539747 0.0276897 0.419695 0.0284727
4.905 -0.51845 -0.304442 0.00401234 -0.0671737
4.91 -0.499016 -0.628168 -0.415106 -0.151526
4.915 -0.479885 -0.894079 -0.767347 -0.205336
4.92 -0.457923 -1.06052 -0.993909 -0.214712
4.925 -0.429075 -1.09975 -1.05741 -0.173113
4.93 -0.389399 -1.00219 -0.947704 -0.081879
4.935 -0.336323 -0.778267 -0.682673 0.0505748
4.94 -0.269854 -0.457413 -0.304207 0.210526
4.945 -0.193411 -0.0845316 0.129639 0.381167
4.95 -0.113973 0.285936 0.554571 0.544807
4.955 -0.0413579 0.59757 0.910187 0.684709
4.96 0.013398 0.800275 1.1486 0.786427
4.965 0.0403055 0.858205 1.24038 0.838679
4.97 0.0329199 0.756131 1.17721 0.83394
4.975 -0.00950994 0.503117 0.971438 0.768909
4.98 -0.0808194 0.132674 0.653056 0.644975
4.985 -0.168075 -0.301004 0.264799 0.468629
4.99 -0.253269 -0.73049 -0.143684 0.251653
4.995 -0.316379 -1.08536 -0.521996 0.0108451
5 -0.339286 -1.3037 -0.824943 -0.232973
5.005 -0.30975 -1.343 -1.01784 -0.45676
5.01 -0.224554 -1.18845 -1.08078 -0.637788
5.015 -0.091047 -0.856843 -1.01143 -0.756607
5.02 0.0734058 -0.39531 -0.825839 -0.799949
5.025 0.244106 0.125479 -0.556884 -0.763015
5.03 0.393381 0.622503 -0.250123 -0.650651
5.035 0.495767 1.0142 0.0427266 -0.477076
5.04 0.532928 1.23449 0.27193 -0.264135
5.045 0.497246 1.2444 0.398305 -0.0382916
5.05 0.393281 1.03912 0.400634 0.173121
5.055 0.236806 0.649275 0.280347 0.345764
5.06 0.0516228 0.135914 0.0622552 0.461616
5.065 -0.135066 -0.41963 -0.209182 0.511206
5.07 -0.297683 -0.929275 -0.477653 0.494456
5.075 -0.416576 -1.31262 -0.685511 0.420066
5.08 -0.480699 -1.50971 -0.785007 0.303651
5.085 -0.488242 -1.49007 -0.747924 0.165008
5.09 -0.445294 -1.25658 -0.571571 0.0250232
5.095 -0.363168 -0.84385 -0.279806 -0.0973079
5.1 -0.255252 -0.311849 0.0811877 -0.187302
5.105 -0.134358 0.264011 0.451505 -0.236178
5.11 -0.0112059 0.804353 0.768735 -0.241675
5.115 0.105692 1.23708 0.97946 -0.207685
5.12 0.20906 1.50678 1.04875 -0.143063
5.125 0.291463 1.58118 0.965849 -0.0598131
5.13 0.344369 1.45421 0.74522 0.0290381
5.135 0.358366 1.14558 0.422992 0.11155
5.14 0.324865 0.697445 0.0499332 0.178641
5.145 0.239009 0.168628 -0.317475 0.225237
5.15 0.102974 -0.372699 -0.626049 0.250611
5.155 -0.0714744 -0.857261 -0.833461 0.257849
5.16 -0.262347 -1.22303 -0.913344 0.252568
5.165 -0.439469 -1.4229 -0.857571 0.24115
5.17 -0.569287 -1.43098 -0.675933 0.228893
5.175 -0.621671 -1.24653 -0.393781 0.21852
5.18 -0.577276 -0.894998 -0.0483264 0.209439
5.185 -0.433583 -0.425516 0.315828 0.19797
5.19 -0.207876 0.0951264 0.651543 0.178545
5.195 0.0640212 0.591564 0.914188 0.145581
5.2 0.33343 0.990912 1.0667 0.0955735
5.205 0.548 1.23417 1.08438 0.0288059
5.21 0.662483 1.28604 0.95901 -0.0498428
5.215 0.648656 1.14142 0.701376 -0.131322
5.22 0.502018 0.82695 0.341638 -0.204066
5.225 0.24354 0.397256 -0.073269 -0.256537
5.23 -0.0840757 -0.0739379 -0.485321 -0.280036
5.235 -0.424894 -0.506326 -0.833731 -0.271024
5.24 -0.721057 -0.82703 -1.06477 -0.232283
5.245 -0.924304 -0.983525 -1.14134 -0.172518
5.25 -1.00504 -0.953009 -1.05038 -0.1044
5.255 -0.956914 -0.746409 -0.80632 -0.0415192
5.26 -0.796144 -0.406175 -0.449649 0.00499952
5.265 -0.555896 0.00172664 -0.0403967 0.0292654
5.27 -0.277564 0.400118 0.352289 0.0319969
5.275 -0.00121942 0.714846 0.662571 0.0200488
5.28 0.242285 0.888243 0.839858 0.0041568
5.285 0.43575 0.889277 0.857813 -0.00451925
5.29 0.575843 0.718568 0.718625 0.00191032
5.295 0.669566 0.407468 0.451739 0.0252218
5.3 0.72848 0.0115654 0.107491 0.0599922
5.305 0.762742 -0.399977 -0.252887 0.0947199
5.31 0.776885 -0.757114 -0.568667 0.114986
5.315 0.76862 -1.00123 -0.790085 0.107885
5.32 0.730858 -1.09485 -0.885872 0.0665251
5.325 0.656076 -1.02718 -0.846692 -0.00670731
5.33 0.541374 -0.814699 -0.684318 -0.0991724
5.335 0.392284 -0.496989 -0.427314 -0.189785
5.34 0.223829 -0.128938 -0.114618 -0.25336
5.345 0.0581646 0.229204 0.211378 -0.266542
5.35 -0.0806817 0.522004 0.510857 -0.213884
5.355 -0.173494 0.707569 0.750868 -0.0924978
5.36 -0.211883 0.763485 0.907683 0.0859753
5.365 -0.201618 0.689244 0.967557 0.296737
5.37 -0.16197 0.50505 0.92655 0.506339
5.375 -0.1209 0.247503 0.790062 0.679353
5.38 -0.107208 -0.036943 0.57243 0.785647
5.385 -0.141761 -0.299568 0.296555 0.806571
5.39 -0.230348 -0.496853 -0.00686808 0.738588
5.395 -0.360384 -0.596757 -0.301111 0.593559
5.4 -0.502724 -0.583009 -0.546621 0.395697
5.405 -0.618419 -0.456981 -0.705783 0.176034
5.41 -0.668836 -0.237006 -0.748759 -0.0341798
5.415 -0.626525 0.0446252 -0.659409 -0.209522
5.42 -0.48388 0.346504 -0.439962 -0.334505
5.425 -0.257089 0.624105 -0.113114 -0.404923
5.43 0.0159081 0.836148 0.279399 -0.426394
5.435 0.283202 0.950498 0.681978 -0.41078
5.44 0.490613 0.948836 1.03349 -0.371688
5.445 0.594436 0.829472 1.27736 -0.320395
5.45 0.571997 0.607884 1.37147 -0.263321
5.455 0.427377 0.314859 1.29597 -0.201648
5.46 0.190826 -0.00761211 1.05726 -0.132972
5.465 -0.0879246 -0.312176 0.68735 -0.054304
5.47 -0.350764 -0.55295 0.238589 0.0346794
5.475 -0.543915 -0.692404 -0.225114 0.129284
5.48 -0.629172 -0.707261 -0.638974 0.219184
5.485 -0.591052 -0.592501 -0.947823 0.289851
5.49 -0.43842 -0.36276 -1.11454 0.325709
5.495 -0.200602 -0.0507608 -1.12497 0.314149
5.5 0.0806081 0.297099 -0.98881 0.249271
5.505 0.360732 0.627474 -0.736487 0.134269
5.51 0.601628 0.888137 -0.413056 -0.0182939
5.515 0.777656 1.03616 -0.0703637 -0.188457
5.52 0.877893 1.0449 0.241048 -0.352656
5.525 0.90451 0.908608 0.479015 -0.488392
5.53 0.86846 0.643803 0.614895 -0.578613
5.535 0.784243 0.287129 0.636332 -0.614728
5.54 0.665522 -0.110111 0.547631 -0.597569
5.545 0.522831 -0.489883 0.368048 -0.536119
5.55 0.36374 -0.796555 0.128499 -0.444467
5.555 0.194888 -0.985719 -0.132784 -0.337848
5.56 0.024671 -1.03122 -0.375124 -0.22884
5.565 -0.134885 -0.929203 -0.560362 -0.1247
5.57 -0.268172 -0.698426 -0.657492 -0.0264907
5.575 -0.358369 -0.376885 -0.646594 0.0698982
5.58 -0.391644 -0.0152675 -0.521659 0.17118
5.585 -0.361908 0.331567 -0.291941 0.283346
5.59 -0.274503 0.613582 0.0184615 0.40851
5.595 -0.14734 0.793476 0.372935 0.542818
5.6 -0.0086398 0.852174 0.726499 0.675958
5.605 0.108563 0.791019 1.03139 0.792439
5.61 0.174022 0.630393 1.24342 0.874343
5.615 0.168105 0.405185 1.32829 0.904878
5.62 0.0877212 0.158025 1.26684 0.871951
5.625 -0.0513983 -0.0683854 1.05853 0.770958
5.63 -0.216979 -0.238464 0.722423 0.606217
5.635 -0.366775 -0.329205 0.295446 0.390801
5.64 -0.45804 -0.333062 -0.171904 0.144863
5.645 -0.457728 -0.257941 -0.62191 -0.10716
5.65 -0.350941 -0.124517 -0.997181 -0.339899
5.655 -0.145565 0.0384211 -1.24839 -0.530349
5.66 0.128126 0.199619 -1.34114 -0.660599
5.665 0.422909 0.330916 -1.26095 -0.719647
5.67 0.683925 0.411759 -1.01577 -0.704164
5.675 0.859825 0.432014 -0.635429 -0.61826
5.68 0.913311 0.392771 -0.168192 -0.472455
5.685 0.828824 0.305229 0.325392 -0.282123
5.69 0.615844 0.188075 0.780469 -0.0656805
5.695 0.307238 0.0639292 1.13676 0.157223
5.7 -0.0468094 -0.0444795 1.34705 0.367357
5.705 -0.3879 -0.117816 1.38416 0.547291
5.71 -0.659666 -0.142883 1.24513 0.682487
5.715 -0.817188 -0.114336 0.952029 0.762089
5.72 -0.833971 -0.0352695 0.548986 0.779477
5.725 -0.705478 0.0832806 0.0957771 0.732604
5.73 -0.448957 0.223793 -0.341138 0.624156
5.735 -0.0999571 0.364503 -0.698785 0.461553
5.74 0.293582 0.482209 -0.92742 0.256735
5.745 0.67854 0.555397 -0.998201 0.0257134
5.75 1.00399 0.56738 -0.907461 -0.21223
5.755 1.22779 0.50909 -0.676815 -0.435736
5.76 1.32159 0.381133 -0.349054 -0.622995
5.765 1.274 0.194705 0.019465 -0.75377
5.77 1.09153 -0.028942 0.368556 -0.811645
5.775 0.797456 -0.260628 0.644356 -0.78625
5.78 0.428754 -0.466874 0.808079 -0.67511
5.785 0.0314648 -0.614651 0.841878 -0.484747
5.79 -0.345064 -0.676605 0.750872 -0.230698
5.795 -0.6544 -0.635907 0.561148 0.0637207
5.8 -0.858998 -0.48986 0.314258 0.3699
5.805 -0.935146 -0.251482 0.059379 0.657391
5.81 -0.876198 0.0513877 -0.155376 0.897853
5.815 -0.693557 0.37953 -0.290951 1.06885
5.82 -0.415188 0.687891 -0.323328 1.15684
5.825 -0.0817658 0.932418 -0.246652 1.15883
5.83 0.259044 1.07702 -0.0732244 1.08234
5.835 0.559389 1.0995 0.169353 0.943692
5.84 0.77814 0.99529 0.443183 0.765064
5.845 0.886885 0.778464 0.706236 0.57069
5.85 0.874105 0.479643 0.918663 0.383115
5.855 0.746897 0.141271 1.04834 0.22012
5.86 0.52994 -0.188959 1.07496 0.0928426
5.865 0.261816 -0.46539 0.992358 0.00535319
5.87 -0.0108257 -0.651152 0.808814 -0.0444242
5.875 -0.240462 -0.723293 0.545653 -0.062806
5.88 -0.386196 -0.675515 0.234268 -0.0580144
5.885 -0.420464 -0.518236 -0.0879426 -0.0379996
5.89 -0.333857 -0.276127 -0.3823 -0.00889782
5.895 -0.137231 0.0162655 -0.613703 0.0256111
5.9 0.139393 0.319968 -0.755101 0.0640449
5.905 0.45115 0.597153 -0.791054 0.106189
5.91 0.745344 0.81598 -0.719919 0.151882
5.915 0.970151 0.954082 -0.554272 0.199926
5.92 1.08359 1.00038 -0.319418 0.247464
5.925 1.0612 0.955194 -0.0500547 0.28999
5.93 0.900999 0.828943 0.214572 0.321953
5.935 0.624604 0.639773 0.436355 0.337771
5.94 0.274166 0.410677 0.584048 0.332939
5.945 -0.0945302 0.166486 0.638093 0.30494
5.95 -0.421662 -0.0688626 0.59372 0.25374
5.955 -0.653922 -0.274577 0.461722 0.181785
5.96 -0.754053 -0.43463 0.266672 0.0935738
5.965 -0.707498 -0.538736 0.0428053 -0.00500355
5.97 -0.524873 -0.582704 -0.171793 -0.107353
5.975 -0.239738 -0.568232 -0.341715 -0.206688
5.98 0.0978417 -0.502211 -0.440318 -0.296281
5.985 0.43068 -0.395648 -0.454275 -0.369506
5.99 0.704877 -0.262273 -0.385731 -0.419811
5.995 0.879223 -0.116995 -0.25165 -0.440845
6 0.931789 0.0256875 -0.0804245 -0.426917
6.005 0.862584 0.153145 0.0936283 -0.373867
6.01 0.691981 0.255796 0.236874 -0.280294
6.015 0.45552 0.327891 0.322834 -0.148884
6.02 0.196368 0.36781 0.337281 0.0125086
6.025 -0.0429086 0.377852 0.280978 0.190437
6.03 -0.227613 0.363571 0.169522 0.366434
6.035 -0.335975 0.332749 0.0302831 0.518749
6.04 -0.36131 0.294149 -0.102964 0.625176
6.045 -0.311279 0.256221 -0.196723 0.666605
6.05 -0.204825 0.225926 -0.224466 0.630738
6.055 -0.0676778 0.207814 -0.172054 0.515218
6.06 0.0725143 0.203486 -0.0408309 0.329474
6.065 0.190595 0.211495 0.152207 0.0947046
6.07 0.267249 0.227714 0.377213 -0.158241
6.075 0.291075 0.246115 0.596719 -0.392959
6.08 0.259418 0.259872 0.772317 -0.573024
6.085 0.178175 0.262629 0.87153 -0.668066
6.09 0.0608038 0.249741 0.873619 -0.659328
6.095 -0.0733084 0.219284 0.773292 -0.54361
6.1 -0.201036 0.172644 0.581692 -0.334754
6.105 -0.298247 0.11455 0.324576 -0.0622115
6.11 -0.342979 0.0524892 0.0380978 0.233227
6.115 -0.318855 -0.00441774 -0.237005 0.505921
6.12 -0.218292 -0.0469313 -0.461761 0.712994
6.125 -0.0449454 -0.067326 -0.604816 0.821711
6.13 0.185264 -0.0608424 -0.646878 0.815254
6.135 0.445053 -0.0266704 -0.583186 0.695761
6.14 0.698836 0.0317488 -0.42378 0.484011
6.145 0.907727 0.107179 -0.191701 0.215765
6.15 1.03583 0.189733 0.0804718 -0.0645915
6.155 1.05673 0.268484 0.355172 -0.31191
6.16 0.958991 0.333226 0.594849 -0.488143
6.165 0.749357 0.376032 0.766817 -0.568738
6.17 0.452947 0.392319 0.847423 -0.546364
6.175 0.11005 0.381224 0.825114 -0.431321
6.18 -0.230058 0.345275 0.702077 -0.248682
6.185 -0.517281 0.289515 0.494268 -0.0328196
6.19 -0.709392 0.220304 0.229742 0.179483
6.195 -0.779619 0.144165 -0.0546409 0.355939
6.2 -0.721656 0.0669192 -0.317854 0.474334
6.205 -0.551052 -0.00668723 -0.520226 0.52576
6.21 -0.302655 -0.0728473 -0.62917 0.515054
6.215 -0.0244652 -0.128184 -0.624302 0.458559
6.22 0.231004 -0.169119 -0.501112 0.379868
6.225 0.4163 -0.191426 -0.272481 0.304558
6.23 0.497789 -0.190223 0.03243 0.255035
6.235 0.46196 -0.160532 0.371916 0.246441
6.24 0.318082 -0.0983791 0.697698 0.284299
6.245 0.0966849 -0.00220737 0.962236 0.364104
6.25 -0.15591 0.125749 1.12623 0.472684
6.255 -0.386046 0.278525 1.16502 0.590854
6.26 -0.542646 0.444263 1.07271 0.696723
6.265 -0.586762 0.607044 0.863366 0.769047
6.27 -0.498993 0.748673 0.568812 0.790135
6.275 -0.283363 0.851195 0.233609 0.748062
6.28 0.0331023 0.899711 -0.0920881 0.63807
6.285 0.405043 0.884963 -0.36048 0.463234
6.29 0.776838 0.80517 -0.53355 0.234449
6.295 1.09256 0.66674 -0.588716 -0.0301896
6.3 1.30597 0.483666 -0.521842 -0.306645
6.305 1.38856 0.275702 -0.347216 -0.566875
6.31 1.33434 0.0656173 -0.0946345 -0.781489
6.315 1.16023 -0.123966 0.195765 -0.923044
6.32 0.90237 -0.273622 0.479981 -0.969716
6.325 0.608902 -0.369539 0.716838 -0.908917
6.33 0.330935 -0.404946 0.87384 -0.740211
6.335 0.113354 -0.380419 0.931385 -0.476919
6.34 -0.0127183 -0.303109 0.884816 -0.145834
6.345 -0.034473 -0.185171 0.744197 0.21522
6.35 0.0416431 -0.0417479 0.532001 0.561877
6.355 0.192493 0.111098 0.279207 0.849257
6.36 0.383505 0.258193 0.020445 1.03863
6.365 0.575366 0.386582 -0.211058 1.1036
6.37 0.730769 0.486343 -0.388032 1.03469
6.375 0.820027 0.55093 -0.492609 0.841403
6.38 0.824785 0.577195 -0.518232 0.551257
6.385 0.739573 0.565246 -0.469825 0.205868
6.39 0.571452 0.518231 -0.362258 -0.145373
6.395 0.338244 0.4421 -0.217411 -0.452951
6.4 0.0659684 0.345282 -0.0603078 -0.674914
6.405 -0.214056 0.238189 0.0850397 -0.783255
6.41 -0.468208 0.132446 0.199397 -0.767898
6.415 -0.66365 0.0398073 0.271085 -0.637622
6.42 -0.771624 -0.0291791 0.297321 -0.417821
6.425 -0.77098 -0.0666033 0.283953 -0.145569
6.43 -0.651738 -0.0684648 0.243678 0.137061
6.435 -0.418183 -0.0355047 0.193142 0.390198
6.44 -0.0906923 0.0266424 0.149476 0.582565
6.445 0.294528 0.108107 0.126954 0.695973
6.45 0.688468 0.196217 0.134368 0.72716
6.455 1.03523 0.277507 0.173578 0.686771
6.46 1.28032 0.339944 0.239443 0.59582
6.465 1.38004 0.374957 0.321041 0.480432
6.47 1.31023 0.378861 0.403881 0.366004
6.475 1.07245 0.353396 0.472633 0.271991
6.48 0.695857 0.305247 0.51384 0.208384
6.485 0.234056 0.244673 0.518152 0.174556
6.49 -0.243065 0.183507 0.481771 0.160657
6.495 -0.661099 0.132962 0.406927 0.151179
6.5 -0.954361 0.101675 0.301455 0.129813
6.505 -1.07791 0.094378 0.17761 0.084475
6.51 -1.01587 0.111404 0.0503837 0.0112555
6.515 -0.78423 0.149077 -0.064423 -0.0836541
6.52 -0.42754 0.20081 -0.152134 -0.184613
6.525 -0.0101475 0.258611 -0.200944 -0.269692
6.53 0.396132 0.314624 -0.203339 -0.315703
6.535 0.725332 0.362383 -0.157073 -0.30396
6.54 0.928894 0.397532 -0.0655942 -0.22546
6.545 0.983216 0.417954 0.0621263 -0.0841788
6.55 0.891926 0.423402 0.21244 0.102366
6.555 0.682803 0.414824 0.368497 0.3056
6.56 0.400436 0.393663 0.512247 0.491019
6.565 0.0965503 0.36137 0.626752 0.62493
6.57 -0.179801 0.319266 0.69849 0.681392
6.575 -0.390157 0.268773 0.719279 0.64784
6.58 -0.51136 0.211895 0.687477 0.528128
6.585 -0.536622 0.151728 0.608196 0.342273
6.59 -0.473405 0.0927611 0.492429 0.122912
6.595 -0.339202 0.0407548 0.355217 -0.0908304
6.6 -0.15661 0.00211586 0.213146 -0.260775
6.605 0.0510728 -0.017187 0.0816675 -0.35688
6.61 0.262887 -0.0129666 -0.02728 -0.362722
6.615 0.461664 0.0158845 -0.106856 -0.278202
6.62 0.634152 0.0664787 -0.155831 -0.119025
6.625 0.770448 0.131698 -0.177947 0.0868007
6.63 0.863391 0.200809 -0.180308 0.304574
6.635 0.908402 0.260929 -0.171184 0.499391
6.64 0.903898 0.299146 -0.157749 0.642188
6.645 0.852021 0.304937 -0.144251 0.71421
6.65 0.759206 0.272432 -0.131054 0.709235
6.655 0.636066 0.202042 -0.114739 0.6334
6.66 0.496258 0.101083 -0.0892467 0.502999
6.665 0.35436 -0.0168341 -0.0477848 0.340954
6.67 0.223163 -0.133625 0.0149227 0.172804
6.675 0.111082 -0.229529 0.100577 0.0229874
6.68 0.0204624 -0.286417 0.205911 -0.0880859
6.685 -0.0525876 -0.291055 0.32231 -0.145954
6.69 -0.116628 -0.237697 0.436588 -0.143103
6.695 -0.181827 -0.129525 0.53284 -0.0792911
6.7 -0.256146 0.0214082 0.59504 0.0385659
6.705 -0.34179 0.195769 0.609953 0.196788
6.71 -0.432965 0.36985 0.569797 0.375666
6.715 -0.515719 0.519318 0.47416 0.550727
6.72 -0.570142 0.623162 0.33079 0.694794
6.725 -0.574608 0.667152 0.155044 0.780988
6.73 -0.511152 0.646186 -0.0319663 0.786573
6.735 -0.37075 0.565122 -0.206288 0.697229
6.74 -0.1572 0.43794 -0.344641 0.510997
6.745 0.111474 0.285398 -0.427995 0.240959
6.75 0.404592 0.131604 -0.44461 -0.0842564
6.755 0.683266 0.000121375 -0.392038 -0.422784
6.76 0.906919 -0.08974 -0.277728 -0.724758
6.765 1.04063 -0.125816 -0.118111 -0.939953
6.77 1.0618 -0.104744 0.0637214 -1.02668
6.775 0.964859 -0.032176 0.241395 -0.960333
6.78 0.762881 0.0783821 0.389166 -0.73974
6.785 0.485921 0.207836 0.48576 -0.389916
6.79 0.176231 0.33444 0.517547 0.0398939
6.795 -0.118706 0.436938 0.480571 0.482866
6.8 -0.354039 0.497461 0.381139 0.865125
6.805 -0.494891 0.503856 0.23491 1.11841
6.81 -0.521869 0.451227 0.0646437 1.19258
6.815 -0.433828 0.342609 -0.10304 1.06561
6.82 -0.247484 0.188762 -0.241416 0.748922
6.825 0.00593688 0.00716077 -0.327397 0.286956
6.83 0.286315 -0.179759 -0.344778 -0.2493
6.835 0.55146 -0.34699 -0.286574 -0.773778
6.84 0.763913 -0.469843 -0.156179 -1.19981
6.845 0.896579 -0.527131 0.0327981 -1.45506
6.85 0.93631 -0.504337 0.257988 -1.49406
6.855 0.884961 -0.39637 0.49088 -1.30626
6.86 0.757924 -0.20942 0.700316 -0.917843
6.865 0.580584 0.0385465 0.85651 -0.387202
6.87 0.383457 0.319009 0.935116 0.20512
6.875 0.196966 0.595947 0.920867 0.770166
6.88 0.046756 0.830536 0.81026 1.22542
6.885 -0.0497104 0.986916 0.612855 1.50814
6.89 -0.0848607 1.03819 0.35086 1.58481
6.895 -0.0609687 0.971576 0.0568981 1.45533
6.9 0.0113753 0.791696 -0.229897 1.15131
6.905 0.115779 0.521186 -0.469049 0.729151
6.91 0.232953 0.198228 -0.62448 0.259515
6.915 0.343457 -0.128805 -0.670004 -0.184953
6.92 0.429909 -0.40886 -0.593694 -0.541223
6.925 0.478499 -0.596645 -0.400353 -0.764966
6.93 0.479835 -0.660494 -0.111586 -0.83578
6.935 0.429332 -0.588216 0.236652 -0.758049
6.94 0.327343 -0.389733 0.598772 -0.557754
6.945 0.179201 -0.0959257 0.925837 -0.276224
6.95 -0.00481001 0.246218 1.17248 0.0377675
6.955 -0.209689 0.581363 1.30338 0.336063
6.96 -0.416366 0.855129 1.29827 0.578023
6.965 -0.603003 1.02326 1.15474 0.73538
6.97 -0.747049 1.05905 0.888385 0.794636
6.975 -0.827961 0.957612 0.530445 0.757077
6.98 -0.830263 0.736375 0.123231 0.636851
6.985 -0.74641 0.431707 -0.285756 0.45773
6.99 -0.578836 0.0923573 -0.650178 0.249211
6.995 -0.340642 -0.229012 -0.930695 0.0424885
7 -0.0545802 -0.484674 -1.09954 -0.133295
7.005 0.249659 -0.639496 -1.14323 -0.254312
7.01 0.539467 -0.67613 -1.06334 -0.304679
7.015 0.78396 -0.596971 -0.875221 -0.278328
7.02 0.958378 -0.422699 -0.605208 -0.179971
7.025 1.04739 -0.187882 -0.286745 -0.0249502
7.03 1.04672 0.0654507 0.0439919 0.162221
7.035 0.962809 0.295037 0.352361 0.350711
7.04 0.810725 0.465157 0.608946 0.507524
7.045 0.610924 0.551876 0.792314 0.602551
7.05 0.385568 0.546027 0.890649 0.613835
7.055 0.155313 0.453656 0.902177 0.532145
7.06 -0.0628559 0.294081 0.834493 0.363895
7.065 -0.256391 0.0960922 0.702931 0.131581
7.07 -0.416682 -0.106955 0.528252 -0.128692
7.075 -0.537709 -0.282317 0.333945 -0.372515
7.08 -0.614525 -0.402546 0.143454 -0.554594
7.085 -0.642226 -0.449079 -0.0223613 -0.63706
7.09 -0.615891 -0.414358 -0.147268 -0.597106
7.095 -0.531656 -0.302377 -0.221022 -0.432353
7.1 -0.388658 -0.127701 -0.23993 -0.162713
7.105 -0.19131 0.0867604 -0.206633 0.171921
7.11 0.0488706 0.312919 -0.129187 0.517949
7.115 0.312586 0.521202 -0.0196295 0.817316
7.12 0.573745 0.684369 0.107749 1.01804
7.125 0.802224 0.78105 0.238168 1.08397
7.13 0.968075 0.798621 0.357945 1.0019
7.135 1.04646 0.735057 0.455732 0.784374
7.14 1.02237 0.599492 0.523295 0.46771
7.145 0.894042 0.41131 0.555833 0.105445
7.15 0.674428 0.197757 0.551885 -0.241538
7.155 0.390108 -0.00973467 0.512933 -0.516259
7.16 0.0778266 -0.180097 0.44284 -0.676051
7.165 -0.220875 -0.287428 0.347256 -0.700084
7.17 -0.465986 -0.31531 0.233082 -0.592558
7.175 -0.625218 -0.259869 0.108061 -0.381033
7.18 -0.678961 -0.130935 -0.0195244 -0.11032
7.185 -0.623143 0.0490569 -0.141077 0.166692
7.19 -0.469539 0.248435 -0.247927 0.399389
7.195 -0.243518 0.431484 -0.331673 0.548846
7.2 0.0203108 0.564645 -0.384672 0.594512
7.205 0.283735 0.622639 -0.400729 0.536973
7.21 0.51089 0.593369 -0.375904 0.396481
7.215 0.673501 0.480584 -0.309367 0.207806
7.22 0.754631 0.303705 -0.204117 0.0126566
7.225 0.750399 0.0946946 -0.0673949 -0.148667
7.23 0.66957 -0.107543 0.0893894 -0.244713
7.235 0.531235 -0.264259 0.251331 -0.258053
7.24 0.361128 -0.344122 0.401339 -0.187422
7.245 0.187281 -0.329272 0.521988 -0.0467201
7.25 0.0357651 -0.218946 0.597723 0.138575
7.255 -0.0728594 -0.0299562 0.617109 0.33663
7.26 -0.125913 0.206137 0.574774 0.514942
7.265 -0.119608 0.448644 0.472692 0.645421
7.27 -0.0587372 0.655104 0.320536 0.708112
7.275 0.0447403 0.788997 0.134943 0.69317
7.28 0.173844 0.826339 -0.062296 0.601151
7.285 0.309085 0.759944 -0.246907 0.441956
7.29 0.430997 0.600578 -0.395325 0.232916
7.295 0.522418 0.374831 -0.487933 -0.00350577
7.3 0.57035 0.120182 -0.511849 -0.242062
7.305 0.567315 -0.121793 -0.46283 -0.456966
7.31 0.512125 -0.312769 -0.345969 -0.624054
7.315 0.410062 -0.424226 -0.175056 -0.722928
7.32 0.272407 -0.442081 0.029304 -0.739126
7.325 0.115313 -0.36861 0.242546 -0.666202
7.33 -0.0419712 -0.221457 0.439528 -0.507433
7.335 -0.179419 -0.030001 0.59794 -0.276739
7.34 -0.278892 0.170169 0.70122 0.0016445
7.345 -0.326808 0.343618 0.740567 0.29509
7.35 -0.316416 0.461163 0.715782 0.566165
7.355 -0.249234 0.504644 0.63487 0.777614
7.36 -0.135292 0.469646 0.512512 0.898091
7.365 0.00801084 0.365771 0.367708 0.907678
7.37 0.158375 0.214522 0.220973 0.802138
7.375 0.292081 0.0452478 0.0915305 0.594939
7.38 0.387899 -0.110128 -0.00509922 0.316396
7.385 0.430744 -0.222658 -0.0588088 0.00982275
7.39 0.414344 -0.27128 -0.0657305 -0.27487
7.395 0.342399 -0.246287 -0.028156 -0.489139
7.4 0.227933 -0.150791 0.0463438 -0.593975
7.405 0.0909453 -1.19587e-06 0.14639 -0.566798
7.41 -0.0452033 0.181561 0.258589 -0.405772
7.415 -0.157968 0.364378 0.36936 -0.130682
7.42 -0.229535 0.519049 0.466575 0.219872
7.425 -0.249713 0.621295 0.540794 0.594543
7.43 -0.217278 0.656008 0.586024 0.937507
7.435 -0.139558 0.619624 0.59995 1.1975
7.44 -0.0304609 0.520435 0.583689 1.33603
7.445 0.092564 0.376803 0.541161 1.33337
7.45 0.211941 0.21363 0.478193 1.19129
7.455 0.313022 0.057741 0.401496 0.932228
7.46 0.386194 -0.0669523 0.317659 0.59508
7.465 0.427714 -0.143615 0.232299 0.228501
7.47 0.439249 -0.16523 0.149457 -0.117059
7.475 0.426407 -0.135437 0.0713531 -0.397175
7.48 0.396722 -0.0673669 -0.00150374 -0.579855
7.485 0.357656 0.0192455 -0.0698374 -0.64955
7.49 0.315076 0.102084 -0.134868 -0.608296
7.495 0.272504 0.160605 -0.19745 -0.474027
7.5 0.231189 0.179898 -0.257266 -0.276549
7.505 0.190839 0.153366 -0.312276 -0.0520516
7.51 0.15068 0.0837679 -0.358589 0.162873
7.515 0.110464 -0.0174739 -0.390837 0.336695
7.52 0.0710962 -0.132493 -0.403057 0.447123
7.525 0.0347095 -0.240243 -0.389944 0.483492
7.53 0.00417769 -0.320178 -0.348237 0.447211
7.535 -0.0177583 -0.355697 -0.277958 0.350416
7.54 -0.0294634 -0.336812 -0.18318 0.213227
7.545 -0.0311676 -0.261669 -0.0720969 0.0601576
7.55 -0.0252594 -0.136787 0.0437162 -0.0837526
7.555 -0.0159896 0.0239104 0.150804 -0.196536
7.56 -0.00862788 0.201038 0.235866 -0.262201
7.565 -0.00826299 0.372346 0.287973 -0.272639
7.57 -0.0185383 0.515601 0.300543 -0.22839
7.575 -0.0406383 0.611435 0.272675 -0.138248
7.58 -0.0727862 0.64585 0.20956 -0.0177924
7.585 -0.110395 0.612158 0.12185 0.112936
7.59 -0.146861 0.512138 0.0240764 0.232349
7.595 -0.174831 0.356263 -0.067612 0.32046
7.6 -0.187697 0.162875 -0.13798 0.361875
7.605 -0.180967 -0.0437125 -0.175065 0.348232
7.61 -0.153255 -0.236116 -0.171961 0.279707
7.615 -0.106675 -0.387518 -0.127745 0.165324
7.62 -0.0465582 -0.475638 -0.0474468 0.021925
7.625 0.0194159 -0.486467 0.0588816 -0.128134
7.63 0.0825079 -0.417105 0.177769 -0.260304
7.635 0.134352 -0.277102 0.294308 -0.351728
7.64 0.168266 -0.0878599 0.394188 -0.385082
7.645 0.180203 0.120074 0.465497 -0.351749
7.65 0.169198 0.311556 0.500088 -0.253737
7.655 0.137296 0.452627 0.494404 -0.103923
7.66 0.0890049 0.516557 0.449721 0.0755101
7.665 0.0304667 0.489043 0.37187 0.256295
7.67 -0.0314908 0.371489 0.27048 0.408498
7.675 -0.0902203 0.181589 0.157836 0.505424
7.68 -0.139913 -0.0490949 0.0474401 0.528197
7.685 -0.175989 -0.28029 -0.0476151 0.469207
7.69 -0.195229 -0.470058 -0.116323 0.333779
7.695 -0.19574 -0.582463 -0.151306 0.139729
7.7 -0.176838 -0.594384 -0.15001 -0.0851861
7.705 -0.138955 -0.50013 -0.115329 -0.307537
7.71 -0.0836266 -0.312882 -0.0554741 -0.493517
7.715 -0.0135423 -0.0626016 0.0170064 -0.614376
7.72 0.0673738 0.209245 0.0870111 -0.651058
7.725 0.153964 0.457168 0.139265 -0.597273
7.73 0.240002 0.63989 0.160938 -0.460461
7.735 0.318585 0.727761 0.144051 -0.260495
7.74 0.382765 0.707907 0.0871936 -0.0263689
7.745 0.426338 0.586182 -0.00381574 0.208554
7.75 0.444683 0.385598 -0.116551 0.411911
7.755 0.435484 0.14165 -0.233831 0.557403
7.76 0.399176 -0.104452 -0.336531 0.628716
7.765 0.339007 -0.31327 -0.40686 0.621669
7.77 0.26069 -0.45387 -0.431495 0.544297
7.775 0.171684 -0.508584 -0.403987 0.414924
7.78 0.0802369 -0.475012 -0.325955 0.258643
7.785 -0.00562331 -0.365124 -0.206859 0.102861
7.79 -0.0789652 -0.201864 -0.0623777 -0.0273037
7.795 -0.134552 -0.014149 0.0882736 -0.112988
7.8 -0.169077 0.16863 0.225568 -0.144284
7.805 -0.181052 0.321513 0.33282 -0.121307
7.81 -0.170448 0.427431 0.398695 -0.0535262
7.815 -0.13824 0.478773 0.418642 0.0424076
7.82 -0.0860269 0.477049 0.395083 0.145915
7.825 -0.0158816 0.431033 0.336406 0.236213
7.83 0.0695256 0.354009 0.255065 0.295896
7.835 0.166541 0.260822 0.165235 0.313794
7.84 0.27002 0.165343 0.0804851 0.286694
7.845 0.3729 0.078738 0.0118994 0.219702
7.85 0.466079 0.00866758 -0.0330937 0.125241
7.855 0.53882 -0.0406938 -0.0510912 0.0208672
7.86 0.579757 -0.0680941 -0.0423842 -0.0737289
7.865 0.578509 -0.0744194 -0.0101465 -0.140082
7.87 0.527686 -0.061964 0.0405739 -0.164163
7.875 0.424974 -0.0339125 0.103802 -0.138951
7.88 0.274848 0.00594899 0.17334 -0.0659721
7.885 0.0894788 0.0533815 0.243177 0.0444899
7.89 -0.111551 0.103841 0.307636 0.174585
7.895 -0.30293 0.152742 0.361404 0.301401
7.9 -0.456645 0.19588 0.399578 0.400471
7.905 -0.546057 0.229954 0.41785 0.449774
7.91 -0.550417 0.253046 0.412863 0.433648
7.915 -0.459095 0.264901 0.3827 0.345924
7.92 -0.274666 0.266859 0.327377 0.191727
7.925 -0.0141802 0.261403 0.249198 -0.012481
7.93 0.291894 0.251388 0.152816 -0.240761
7.935 0.6031 0.239158 0.0449438 -0.461265
7.94 0.874471 0.225789 -0.0662714 -0.641023
7.945 1.06328 0.210706 -0.17212 -0.751196
7.95 1.13603 0.191856 -0.264264 -0.771895
7.955 1.07436 0.166422 -0.335566 -0.695721
7.96 0.878998 0.131965 -0.380666 -0.529344
7.965 0.570714 0.0876694 -0.396236 -0.292788
7.97 0.188083 0.0353506 -0.380958 -0.01649
7.975 -0.217718 -0.0201298 -0.335317 0.263391
7.98 -0.590338 -0.0712656 -0.261366 0.510599
7.985 -0.876728 -0.10915 -0.162602 0.694376
7.99 -1.03526 -0.125365 -0.0439997 0.794034
7.995 -1.04216 -0.114133 0.0878051 0.801762
