0 7e+07 7e+07 8.15784e+07 8.15784e+07
0.005 7e+07 7e+07 8.15368e+07 8.15368e+07
0.01 7e+07 7e+07 8.14781e+07 8.14781e+07
0.015 7e+07 7e+07 8.14066e+07 8.14066e+07
0.02 7e+07 7e+07 8.13272e+07 8.13272e+07
0.025 7e+07 7e+07 8.12451e+07 8.12451e+07
0.03 7e+07 7e+07 8.11654e+07 8.11654e+07
0.035 7e+07 7e+07 8.10927e+07 8.10927e+07
0.04 7e+07 7e+07 8.10305e+07 8.10305e+07
0.045 7e+07 7e+07 8.09811e+07 8.09811e+07
0.05 7e+07 7e+07 8.09454e+07 8.09454e+07
0.055 7e+07 7e+07 8.09228e+07 8.09228e+07
0.06 7e+07 7e+07 8.09115e+07 8.09115e+07
0.065 7e+07 7e+07 8.09085e+07 8.09085e+07
0.07 7e+07 7e+07 8.09102e+07 8.09102e+07
0.075 7e+07 7e+07 8.09125e+07 8.09125e+07
0.08 7e+07 7e+07 8.09115e+07 8.09115e+07
0.085 7e+07 7e+07 8.09036e+07 8.09036e+07
0.09 7e+07 7e+07 8.08862e+07 8.08861e+07
0.095 7e+07 7e+07 8.08574e+07 8.08573e+07
0.1 7e+07 7.00001e+07 8.08166e+07 8.08164e+07
0.105 7e+07 7.00001e+07 8.07643e+07 8.07639e+07
0.11 7e+07 7.00002e+07 8.07019e+07 8.07013e+07
0.115 7e+07 7.00003e+07 8.06317e+07 8.06308e+07
0.12 7e+07 7.00005e+07 8.05566e+07 8.05552e+07
0.125 7e+07 7.00007e+07 8.04792e+07 8.04772e+07
0.13 7e+07 7.00009e+07 8.04025e+07 8.03996e+07
0.135 7e+07 7.00013e+07 8.03287e+07 8.03246e+07
0.14 7e+07 7.00018e+07 8.02594e+07 8.02536e+07
0.145 7e+07 7.00024e+07 8.01953e+07 8.01874e+07
0.15 7e+07 7.00032e+07 8.01362e+07 8.01256e+07
0.155 7e+07 7.00041e+07 8.00813e+07 8.00672e+07
0.16 7e+07 7.00053e+07 8.00287e+07 8.00103e+07
0.165 7e+07 7.00067e+07 7.99762e+07 7.99525e+07
0.17 7e+07 7.00083e+07 7.99214e+07 7.98912e+07
0.175 7e+07 7.00101e+07 7.98619e+07 7.98239e+07
0.18 7e+07 7.00123e+07 7.97955e+07 7.97483e+07
0.185 7e+07 7.00146e+07 7.97208e+07 7.96628e+07
0.19 7e+07 7.00173e+07 7.96366e+07 7.95661e+07
0.195 7e+07 7.00202e+07 7.95429e+07 7.9458e+07
0.2 7e+07 7.00233e+07 7.94401e+07 7.93388e+07
0.205 7e+07 7.00267e+07 7.93293e+07 7.92096e+07
0.21 7e+07 7.00302e+07 7.92121e+07 7.90718e+07
0.215 7e+07 7.00339e+07 7.90904e+07 7.89272e+07
0.22 7e+07 7.00378e+07 7.89659e+07 7.87775e+07
0.225 7e+07 7.00417e+07 7.88402e+07 7.86242e+07
0.23 7e+07 7.00457e+07 7.87145e+07 7.84685e+07
0.235 7e+07 7.00498e+07 7.85894e+07 7.83108e+07
0.24 7e+07 7.00539e+07 7.8465e+07 7.81512e+07
0.245 7e+07 7.0058e+07 7.83405e+07 7.7989e+07
0.25 7e+07 7.00621e+07 7.8215e+07 7.78228e+07
0.255 7e+07 7.00663e+07 7.80867e+07 7.7651e+07
0.26 7e+07 7.00704e+07 7.7954e+07 7.74718e+07
0.265 7e+07 7.00745e+07 7.78151e+07 7.72832e+07
0.27 7e+07 7.00786e+07 7.76685e+07 7.70836e+07
0.275 7e+07 7.00828e+07 7.75129e+07 7.68714e+07
0.28 7e+07 7.0087e+07 7.73477e+07 7.66458e+07
0.285 7e+07 7.00912e+07 7.71727e+07 7.64065e+07
0.29 7e+07 7.00955e+07 7.69883e+07 7.61536e+07
0.295 7e+07 7.00998e+07 7.67954e+07 7.58877e+07
0.3 7e+07 7.01042e+07 7.6595e+07 7.56097e+07
0.305 7e+07 7.01087e+07 7.63884e+07 7.53205e+07
0.31 7e+07 7.01132e+07 7.61769e+07 7.50213e+07
0.315 7e+07 7.01178e+07 7.59613e+07 7.47125e+07
0.32 7e+07 7.01225e+07 7.5742e+07 7.43946e+07
0.325 6.99999e+07 7.01273e+07 7.55191e+07 7.40672e+07
0.33 6.99999e+07 7.01321e+07 7.5292e+07 7.37295e+07
0.335 6.99999e+07 7.0137e+07 7.50594e+07 7.33802e+07
0.34 6.99998e+07 7.0142e+07 7.48199e+07 7.30174e+07
0.345 6.99998e+07 7.01471e+07 7.45717e+07 7.26392e+07
0.35 6.99997e+07 7.01523e+07 7.43128e+07 7.22433e+07
0.355 6.99996e+07 7.01576e+07 7.40416e+07 7.18277e+07
0.36 6.99995e+07 7.01631e+07 7.37564e+07 7.13906e+07
0.365 6.99994e+07 7.01688e+07 7.34563e+07 7.09304e+07
0.37 6.99993e+07 7.01748e+07 7.31406e+07 7.04462e+07
0.375 6.99991e+07 7.0181e+07 7.28093e+07 6.99376e+07
0.38 6.99989e+07 7.01875e+07 7.24627e+07 6.94043e+07
0.385 6.99986e+07 7.01944e+07 7.21016e+07 6.88467e+07
0.39 6.99983e+07 7.02017e+07 7.17267e+07 6.82651e+07
0.395 6.99979e+07 7.02095e+07 7.13389e+07 6.76598e+07
0.4 6.99975e+07 7.02178e+07 7.0939e+07 6.70311e+07
0.405 6.99971e+07 7.02265e+07 7.05273e+07 6.63788e+07
0.41 6.99965e+07 7.02359e+07 7.01038e+07 6.57025e+07
0.415 6.9996e+07 7.02458e+07 6.9668e+07 6.50011e+07
0.42 6.99953e+07 7.02564e+07 6.9219e+07 6.43077e+07
0.425 6.99947e+07 7.02676e+07 6.87555e+07 6.36681e+07
0.43 6.99939e+07 7.02794e+07 6.82759e+07 6.31222e+07
0.435 6.99931e+07 7.02918e+07 6.77784e+07 6.27008e+07
0.44 6.99923e+07 7.03048e+07 6.72612e+07 6.24229e+07
0.445 6.99914e+07 7.03184e+07 6.67226e+07 6.22942e+07
0.45 6.99905e+07 7.03326e+07 6.61687e+07 6.23073e+07
0.455 6.99895e+07 7.03473e+07 6.56088e+07 6.24429e+07
0.46 6.99885e+07 7.03626e+07 6.50531e+07 6.26723e+07
0.465 6.99875e+07 7.03784e+07 6.45288e+07 6.29604e+07
0.47 6.99864e+07 7.03948e+07 6.40603e+07 6.32697e+07
0.475 6.99854e+07 7.04116e+07 6.36661e+07 6.35642e+07
0.48 6.99843e+07 7.04291e+07 6.3363e+07 6.38124e+07
0.485 6.99832e+07 7.04471e+07 6.31646e+07 6.39907e+07
0.49 6.9982e+07 7.04656e+07 6.30753e+07 6.40848e+07
0.495 6.99809e+07 7.04848e+07 6.30906e+07 6.4091e+07
0.5 6.99797e+07 7.05047e+07 6.31973e+07 6.40154e+07
0.505 6.99785e+07 7.05253e+07 6.33754e+07 6.38729e+07
0.51 6.99773e+07 7.05466e+07 6.36003e+07 6.36852e+07
0.515 6.9976e+07 7.05687e+07 6.38448e+07 6.34779e+07
0.52 6.99747e+07 7.05916e+07 6.40821e+07 6.32774e+07
0.525 6.99733e+07 7.06153e+07 6.42882e+07 6.31082e+07
0.53 6.99719e+07 7.06398e+07 6.44438e+07 6.29903e+07
0.535 6.99705e+07 7.06652e+07 6.45362e+07 6.29366e+07
0.54 6.9969e+07 7.06914e+07 6.45596e+07 6.29522e+07
0.545 6.99674e+07 7.07184e+07 6.45158e+07 6.30339e+07
0.55 6.99658e+07 7.07463e+07 6.4413e+07 6.31707e+07
0.555 6.99641e+07 7.0775e+07 6.42653e+07 6.33452e+07
0.56 6.99623e+07 7.08047e+07 6.40901e+07 6.35362e+07
0.565 6.99605e+07 7.08353e+07 6.39069e+07 6.37209e+07
0.57 6.99586e+07 7.08668e+07 6.37348e+07 6.3878e+07
0.575 6.99566e+07 7.08994e+07 6.3591e+07 6.399e+07
0.58 6.99546e+07 7.0933e+07 6.34888e+07 6.40451e+07
0.585 6.99526e+07 7.09679e+07 6.34368e+07 6.40388e+07
0.59 6.99504e+07 7.1004e+07 6.34381e+07 6.39741e+07
0.595 6.99483e+07 7.10414e+07 6.34905e+07 6.38609e+07
0.6 6.99461e+07 7.10804e+07 6.35869e+07 6.37146e+07
0.605 6.99439e+07 7.11208e+07 6.37161e+07 6.35544e+07
0.61 6.99416e+07 7.1163e+07 6.38643e+07 6.34007e+07
0.615 6.99394e+07 7.12067e+07 6.40166e+07 6.32728e+07
0.62 6.99371e+07 7.12522e+07 6.41583e+07 6.31865e+07
0.625 6.99349e+07 7.12993e+07 6.42763e+07 6.31526e+07
0.63 6.99327e+07 7.13479e+07 6.43606e+07 6.31755e+07
0.635 6.99305e+07 7.13981e+07 6.44047e+07 6.3253e+07
0.64 6.99283e+07 7.14498e+07 6.44064e+07 6.33762e+07
0.645 6.99262e+07 7.15032e+07 6.43677e+07 6.35311e+07
0.65 6.99241e+07 7.15588e+07 6.42944e+07 6.36999e+07
0.655 6.99221e+07 7.1617e+07 6.41954e+07 6.38633e+07
0.66 6.992e+07 7.16791e+07 6.40818e+07 6.40027e+07
0.665 6.9918e+07 7.17464e+07 6.39656e+07 6.41025e+07
0.67 6.99159e+07 7.18208e+07 6.38585e+07 6.41518e+07
0.675 6.99138e+07 7.19042e+07 6.37709e+07 6.41461e+07
0.68 6.99117e+07 7.19992e+07 6.37107e+07 6.40872e+07
0.685 6.99095e+07 7.21084e+07 6.36828e+07 6.39834e+07
0.69 6.99073e+07 7.22343e+07 6.36886e+07 6.38485e+07
0.695 6.99049e+07 7.23796e+07 6.37261e+07 6.36994e+07
0.7 6.99024e+07 7.25469e+07 6.37901e+07 6.35547e+07
0.705 6.98997e+07 7.27384e+07 6.38732e+07 6.3432e+07
0.71 6.98969e+07 7.29563e+07 6.3966e+07 6.3346e+07
0.715 6.98938e+07 7.32027e+07 6.40587e+07 6.33067e+07
0.72 6.98906e+07 7.34794e+07 6.41416e+07 6.33185e+07
0.725 6.98871e+07 7.37882e+07 6.42066e+07 6.338e+07
0.73 6.98834e+07 7.41304e+07 6.42472e+07 6.34842e+07
0.735 6.98795e+07 7.4507e+07 6.42595e+07 6.36197e+07
0.74 6.98753e+07 7.49181e+07 6.42428e+07 6.37718e+07
0.745 6.98709e+07 7.53678e+07 6.41989e+07 6.39247e+07
0.75 6.98662e+07 7.58637e+07 6.41324e+07 6.40629e+07
0.755 6.98612e+07 7.64149e+07 6.40502e+07 6.4173e+07
0.76 6.98559e+07 7.70304e+07 6.39607e+07 6.4245e+07
0.765 6.98504e+07 7.77168e+07 6.38729e+07 6.42734e+07
0.77 6.98446e+07 7.8476e+07 6.37957e+07 6.4258e+07
0.775 6.98385e+07 7.93046e+07 6.37371e+07 6.42036e+07
0.78 6.98321e+07 8.01922e+07 6.37028e+07 6.41192e+07
0.785 6.98254e+07 8.11224e+07 6.36967e+07 6.40177e+07
0.79 6.98184e+07 8.20739e+07 6.37193e+07 6.39133e+07
0.795 6.9811e+07 8.23844e+07 6.37688e+07 6.382e+07
0.8 6.98033e+07 8.2218e+07 6.38409e+07 6.37498e+07
0.805 6.97953e+07 8.1617e+07 6.39292e+07 6.37103e+07
0.81 6.97869e+07 8.06664e+07 6.40265e+07 6.3704e+07
0.815 6.97781e+07 7.94847e+07 6.41253e+07 6.37277e+07
0.82 6.97689e+07 7.82104e+07 6.42185e+07 6.37728e+07
0.825 6.97593e+07 7.69871e+07 6.43002e+07 6.38271e+07
0.83 6.97492e+07 7.59484e+07 6.43656e+07 6.38768e+07
0.835 6.97388e+07 7.52046e+07 6.44115e+07 6.39089e+07
0.84 6.97279e+07 7.48327e+07 6.44356e+07 6.39143e+07
0.845 6.97166e+07 7.48715e+07 6.44367e+07 6.38891e+07
0.85 6.97048e+07 7.47364e+07 6.44143e+07 6.38365e+07
0.855 6.96926e+07 7.45755e+07 6.43683e+07 6.37658e+07
0.86 6.968e+07 7.43723e+07 6.42998e+07 6.36922e+07
0.865 6.9667e+07 7.41186e+07 6.42108e+07 6.36331e+07
0.87 6.96537e+07 7.38154e+07 6.41052e+07 6.36062e+07
0.875 6.964e+07 7.34719e+07 6.39888e+07 6.36251e+07
0.88 6.96262e+07 7.31018e+07 6.38698e+07 6.3697e+07
0.885 6.96121e+07 7.27192e+07 6.3758e+07 6.38201e+07
0.89 6.9598e+07 7.23349e+07 6.36646e+07 6.39836e+07
0.895 6.95838e+07 7.19543e+07 6.36005e+07 6.41679e+07
0.9 6.95696e+07 7.15769e+07 6.3575e+07 6.43474e+07
0.905 6.95555e+07 7.11988e+07 6.35941e+07 6.44944e+07
0.91 6.95416e+07 7.08152e+07 6.36598e+07 6.45837e+07
0.915 6.95278e+07 7.04248e+07 6.37687e+07 6.45968e+07
0.92 6.95143e+07 7.00299e+07 6.39126e+07 6.45269e+07
0.925 6.95011e+07 6.96375e+07 6.40791e+07 6.43801e+07
0.93 6.94885e+07 6.9259e+07 6.4253e+07 6.41767e+07
0.935 6.94764e+07 6.89067e+07 6.44181e+07 6.39483e+07
0.94 6.94652e+07 6.85906e+07 6.4559e+07 6.37335e+07
0.945 6.94551e+07 6.83166e+07 6.46628e+07 6.35716e+07
0.95 6.94463e+07 6.80872e+07 6.47203e+07 6.34952e+07
0.955 6.94392e+07 6.78963e+07 6.47269e+07 6.35234e+07
0.96 6.9434e+07 6.77315e+07 6.46825e+07 6.36571e+07
0.965 6.94312e+07 6.75774e+07 6.45918e+07 6.38766e+07
0.97 6.94311e+07 6.7419e+07 6.44635e+07 6.4144e+07
0.975 6.94341e+07 6.72452e+07 6.43098e+07 6.4408e+07
0.98 6.94406e+07 6.70508e+07 6.41459e+07 6.46134e+07
0.985 6.9451e+07 6.68361e+07 6.39886e+07 6.47103e+07
0.99 6.94658e+07 6.66053e+07 6.38554e+07 6.4665e+07
0.995 6.94854e+07 6.63634e+07 6.37624e+07 6.44668e+07
1 6.95102e+07 6.61144e+07 6.3723e+07 6.41323e+07
1.005 6.95406e+07 6.58591e+07 6.37449e+07 6.37033e+07
1.01 6.9577e+07 6.55957e+07 6.38286e+07 6.3241e+07
1.015 6.96198e+07 6.53281e+07 6.39661e+07 6.28154e+07
1.02 6.96692e+07 6.50661e+07 6.41404e+07 6.24929e+07
1.025 6.97254e+07 6.48205e+07 6.43269e+07 6.23243e+07
1.03 6.97884e+07 6.46035e+07 6.44963e+07 6.23356e+07
1.035 6.98583e+07 6.44276e+07 6.46184e+07 6.25231e+07
1.04 6.99348e+07 6.43039e+07 6.46671e+07 6.28545e+07
1.045 7.00177e+07 6.42382e+07 6.4625e+07 6.3275e+07
1.05 7.01068e+07 6.42292e+07 6.44872e+07 6.37167e+07
1.055 7.02016e+07 6.42662e+07 6.42626e+07 6.41112e+07
1.06 7.03016e+07 6.43306e+07 6.39734e+07 6.44002e+07
1.065 7.04062e+07 6.43984e+07 6.36522e+07 6.45446e+07
1.07 7.05149e+07 6.44453e+07 6.33368e+07 6.45294e+07
1.075 7.0627e+07 6.44522e+07 6.30645e+07 6.43637e+07
1.08 7.07417e+07 6.44093e+07 6.28657e+07 6.40782e+07
1.085 7.08582e+07 6.43235e+07 6.27598e+07 6.37185e+07
1.09 7.09756e+07 6.4213e+07 6.27524e+07 6.33388e+07
1.095 7.1093e+07 6.41018e+07 6.28356e+07 6.29948e+07
1.1 7.12095e+07 6.40134e+07 6.29902e+07 6.27381e+07
1.105 7.13243e+07 6.39646e+07 6.319e+07 6.26113e+07
1.11 7.14366e+07 6.39601e+07 6.34071e+07 6.26443e+07
1.115 7.1546e+07 6.39917e+07 6.36161e+07 6.28512e+07
1.12 7.1652e+07 6.40396e+07 6.37982e+07 6.32268e+07
1.125 7.17548e+07 6.40778e+07 6.39427e+07 6.37447e+07
1.13 7.18546e+07 6.4082e+07 6.4047e+07 6.43554e+07
1.135 7.19518e+07 6.4036e+07 6.41156e+07 6.49884e+07
1.14 7.20474e+07 6.39368e+07 6.41569e+07 6.55571e+07
1.145 7.21421e+07 6.37963e+07 6.41814e+07 6.59685e+07
1.15 7.22369e+07 6.36379e+07 6.41995e+07 6.61377e+07
1.155 7.23328e+07 6.34903e+07 6.422e+07 6.60034e+07
1.16 7.24306e+07 6.33799e+07 6.42497e+07 6.55437e+07
1.165 7.25311e+07 6.33231e+07 6.42935e+07 6.47871e+07
1.17 7.26347e+07 6.33218e+07 6.43545e+07 6.38157e+07
1.175 7.27417e+07 6.33634e+07 6.44339e+07 6.27581e+07
1.18 7.28523e+07 6.34244e+07 6.453e+07 6.1772e+07
1.185 7.29665e+07 6.34777e+07 6.4638e+07 6.10183e+07
1.19 7.30841e+07 6.35013e+07 6.47481e+07 6.06312e+07
1.195 7.32051e+07 6.34848e+07 6.48457e+07 6.06907e+07
1.2 7.33294e+07 6.34335e+07 6.49118e+07 6.12032e+07
1.205 7.34568e+07 6.33668e+07 6.4925e+07 6.20956e+07
1.21 7.35872e+07 6.33127e+07 6.48647e+07 6.32248e+07
1.215 7.37204e+07 6.32989e+07 6.47156e+07 6.44026e+07
1.22 7.38562e+07 6.3344e+07 6.44717e+07 6.54305e+07
1.225 7.39942e+07 6.34498e+07 6.41402e+07 6.6138e+07
1.23 7.41337e+07 6.35989e+07 6.37426e+07 6.64164e+07
1.235 7.42743e+07 6.37569e+07 6.33142e+07 6.62405e+07
1.24 7.44153e+07 6.38807e+07 6.29007e+07 6.56733e+07
1.245 7.45559e+07 6.39286e+07 6.25524e+07 6.48524e+07
1.25 7.4696e+07 6.38719e+07 6.23171e+07 6.3961e+07
1.255 7.48355e+07 6.37028e+07 6.22328e+07 6.31896e+07
1.26 7.49749e+07 6.34388e+07 6.23215e+07 6.26972e+07
1.265 7.51154e+07 6.31192e+07 6.25851e+07 6.25798e+07
1.27 7.52587e+07 6.27981e+07 6.30041e+07 6.28529e+07
1.275 7.54071e+07 6.25321e+07 6.35396e+07 6.34515e+07
1.28 7.55628e+07 6.23681e+07 6.41375e+07 6.42467e+07
1.285 7.57285e+07 6.23337e+07 6.47351e+07 6.50741e+07
1.29 7.59061e+07 6.24316e+07 6.5269e+07 6.57684e+07
1.295 7.6097e+07 6.26403e+07 6.56817e+07 6.61945e+07
1.3 7.63016e+07 6.29207e+07 6.59283e+07 6.62711e+07
1.305 7.65194e+07 6.32255e+07 6.59807e+07 6.5981e+07
1.31 7.67493e+07 6.35106e+07 6.58304e+07 6.53684e+07
1.315 7.69895e+07 6.3744e+07 6.54885e+07 6.45253e+07
1.32 7.72386e+07 6.39108e+07 6.49843e+07 6.35709e+07
1.325 7.74956e+07 6.40132e+07 6.43623e+07 6.26308e+07
1.33 7.77604e+07 6.40658e+07 6.36778e+07 6.18183e+07
1.335 7.80345e+07 6.40874e+07 6.29918e+07 6.12225e+07
1.34 7.83239e+07 6.40931e+07 6.23662e+07 6.09019e+07
1.345 7.86382e+07 6.40875e+07 6.18582e+07 6.08839e+07
1.35 7.89889e+07 6.40629e+07 6.15156e+07 6.1166e+07
1.355 7.93876e+07 6.40013e+07 6.13722e+07 6.17183e+07
1.36 7.98437e+07 6.38812e+07 6.14446e+07 6.2484e+07
1.365 8.03626e+07 6.3686e+07 6.17304e+07 6.33808e+07
1.37 8.09447e+07 6.34131e+07 6.22077e+07 6.43029e+07
1.375 8.15848e+07 6.30788e+07 6.28365e+07 6.51273e+07
1.38 8.15052e+07 6.27194e+07 6.35618e+07 6.57261e+07
1.385 8.12092e+07 6.23865e+07 6.4319e+07 6.59844e+07
1.39 8.07157e+07 6.21373e+07 6.50395e+07 6.58233e+07
1.395 8.00546e+07 6.20226e+07 6.56577e+07 6.52211e+07
1.4 7.92673e+07 6.20749e+07 6.61181e+07 6.42296e+07
1.405 7.84011e+07 6.22992e+07 6.63809e+07 6.29783e+07
1.41 7.75031e+07 6.267e+07 6.64265e+07 6.16625e+07
1.415 7.66128e+07 6.31336e+07 6.62578e+07 6.05157e+07
1.42 7.57568e+07 6.36177e+07 6.58996e+07 5.9769e+07
1.425 7.4946e+07 6.40448e+07 6.53954e+07 5.96053e+07
1.43 7.41759e+07 6.43461e+07 6.48026e+07 6.01176e+07
1.435 7.34302e+07 6.44754e+07 6.41849e+07 6.1281e+07
1.44 7.2687e+07 6.44168e+07 6.36048e+07 6.29471e+07
1.445 7.19256e+07 6.41871e+07 6.31162e+07 6.48627e+07
1.45 7.11329e+07 6.38313e+07 6.27582e+07 6.67119e+07
1.455 7.03067e+07 6.34126e+07 6.25513e+07 6.81732e+07
1.46 6.94555e+07 6.29998e+07 6.24962e+07 6.89816e+07
1.465 6.85956e+07 6.26537e+07 6.25759e+07 6.8981e+07
1.47 6.77447e+07 6.24173e+07 6.27592e+07 6.81569e+07
1.475 6.69147e+07 6.23096e+07 6.30073e+07 6.66421e+07
1.48 6.61065e+07 6.23261e+07 6.32797e+07 6.46927e+07
1.485 6.53066e+07 6.24429e+07 6.35406e+07 6.264e+07
1.49 6.44899e+07 6.26257e+07 6.3763e+07 6.08287e+07
1.495 6.36387e+07 6.28388e+07 6.39314e+07 5.9552e+07
1.5 6.2777e+07 6.30524e+07 6.40417e+07 5.89998e+07
1.505 6.19457e+07 6.3248e+07 6.40993e+07 5.92272e+07
1.51 6.11889e+07 6.34178e+07 6.41156e+07 6.01506e+07
1.515 6.05523e+07 6.35622e+07 6.41042e+07 6.15699e+07
1.52 6.00797e+07 6.36836e+07 6.40776e+07 6.32117e+07
1.525 5.98072e+07 6.37815e+07 6.40443e+07 6.47832e+07
1.53 5.97565e+07 6.38482e+07 6.40081e+07 6.60257e+07
1.535 5.99294e+07 6.38689e+07 6.39684e+07 6.67581e+07
1.54 6.03048e+07 6.38248e+07 6.39218e+07 6.69018e+07
1.545 6.08395e+07 6.37002e+07 6.38645e+07 6.64856e+07
1.55 6.14736e+07 6.34892e+07 6.37941e+07 6.56308e+07
1.555 6.21383e+07 6.32026e+07 6.37115e+07 6.45224e+07
1.56 6.27666e+07 6.28702e+07 6.36213e+07 6.33719e+07
1.565 6.3302e+07 6.25385e+07 6.35315e+07 6.23808e+07
1.57 6.37058e+07 6.22635e+07 6.34527e+07 6.171e+07
1.575 6.39603e+07 6.20989e+07 6.33963e+07 6.14585e+07
1.58 6.40674e+07 6.20844e+07 6.33725e+07 6.16539e+07
1.585 6.40441e+07 6.22341e+07 6.33894e+07 6.22544e+07
1.59 6.39165e+07 6.25314e+07 6.34519e+07 6.31588e+07
1.595 6.37133e+07 6.29297e+07 6.35607e+07 6.42232e+07
1.6 6.34612e+07 6.33601e+07 6.37128e+07 6.52822e+07
1.605 6.31827e+07 6.37457e+07 6.39016e+07 6.61705e+07
1.61 6.28971e+07 6.40173e+07 6.41168e+07 6.67452e+07
1.615 6.26218e+07 6.41294e+07 6.43457e+07 6.69053e+07
1.62 6.23751e+07 6.40701e+07 6.45733e+07 6.66081e+07
1.625 6.21768e+07 6.38644e+07 6.47829e+07 6.58784e+07
1.63 6.20471e+07 6.3568e+07 6.49577e+07 6.48098e+07
1.635 6.20023e+07 6.32544e+07 6.50814e+07 6.35564e+07
1.64 6.20507e+07 6.29975e+07 6.51397e+07 6.23134e+07
1.645 6.21871e+07 6.28534e+07 6.51219e+07 6.12891e+07
1.65 6.23908e+07 6.28469e+07 6.50217e+07 6.06707e+07
1.655 6.26268e+07 6.29657e+07 6.48386e+07 6.05903e+07
1.66 6.28508e+07 6.31627e+07 6.45781e+07 6.10963e+07
1.665 6.30184e+07 6.33684e+07 6.42515e+07 6.21366e+07
1.67 6.3095e+07 6.35076e+07 6.38761e+07 6.35592e+07
1.675 6.3065e+07 6.35189e+07 6.34736e+07 6.51305e+07
1.68 6.29376e+07 6.33705e+07 6.30698e+07 6.65712e+07
1.685 6.27462e+07 6.30688e+07 6.26927e+07 6.76038e+07
1.69 6.25428e+07 6.26586e+07 6.23714e+07 6.8003e+07
1.695 6.23865e+07 6.22133e+07 6.21342e+07 6.76415e+07
1.7 6.23298e+07 6.18187e+07 6.20063e+07 6.65193e+07
1.705 6.24054e+07 6.15542e+07 6.20073e+07 6.4773e+07
1.71 6.26173e+07 6.14748e+07 6.21487e+07 6.26597e+07
1.715 6.29377e+07 6.15995e+07 6.24308e+07 6.05177e+07
1.72 6.33122e+07 6.19085e+07 6.28411e+07 5.87113e+07
1.725 6.367e+07 6.2348e+07 6.3353e+07 5.75675e+07
1.73 6.39399e+07 6.28433e+07 6.39266e+07 5.73168e+07
1.735 6.4065e+07 6.33153e+07 6.45114e+07 5.80481e+07
1.74 6.40153e+07 6.36962e+07 6.50512e+07 5.96871e+07
1.745 6.37941e+07 6.3942e+07 6.54897e+07 6.2002e+07
1.75 6.34367e+07 6.40374e+07 6.57781e+07 6.46368e+07
1.755 6.30029e+07 6.39942e+07 6.58812e+07 6.71665e+07
1.76 6.25636e+07 6.38438e+07 6.57832e+07 6.91665e+07
1.765 6.21869e+07 6.36257e+07 6.54909e+07 7.02839e+07
1.77 6.19252e+07 6.33774e+07 6.50335e+07 7.02986e+07
1.775 6.18068e+07 6.31269e+07 6.44604e+07 6.91653e+07
1.78 6.18335e+07 6.28893e+07 6.38356e+07 6.70264e+07
1.785 6.19842e+07 6.26701e+07 6.32305e+07 6.4196e+07
1.79 6.2223e+07 6.24704e+07 6.27151e+07 6.11136e+07
1.795 6.25083e+07 6.22943e+07 6.23502e+07 5.82776e+07
1.8 6.28018e+07 6.21535e+07 6.21798e+07 5.61653e+07
1.805 6.30747e+07 6.20681e+07 6.22255e+07 5.51553e+07
1.81 6.33093e+07 6.20631e+07 6.2484e+07 5.54624e+07
1.815 6.34972e+07 6.21603e+07 6.29259e+07 5.70975e+07
1.82 6.36351e+07 6.23687e+07 6.34989e+07 5.98592e+07
1.825 6.37201e+07 6.26767e+07 6.41323e+07 6.33598e+07
1.83 6.37466e+07 6.30489e+07 6.47443e+07 6.70815e+07
1.835 6.37059e+07 6.34285e+07 6.52517e+07 7.04558e+07
1.84 6.35892e+07 6.37475e+07 6.55795e+07 7.29531e+07
1.845 6.33926e+07 6.39406e+07 6.56714e+07 7.41674e+07
1.85 6.31227e+07 6.39613e+07 6.54982e+07 7.38839e+07
1.855 6.28003e+07 6.3795e+07 6.50641e+07 7.21155e+07
1.86 6.24614e+07 6.34657e+07 6.44084e+07 6.91044e+07
1.865 6.21532e+07 6.30343e+07 6.36029e+07 6.52859e+07
1.87 6.19267e+07 6.25876e+07 6.27443e+07 6.12218e+07
1.875 6.18262e+07 6.222e+07 6.19419e+07 5.75123e+07
1.88 6.18798e+07 6.20131e+07 6.13026e+07 5.47031e+07
1.885 6.20906e+07 6.20164e+07 6.09157e+07 5.32012e+07
1.89 6.24343e+07 6.22346e+07 6.08389e+07 5.32131e+07
1.895 6.28616e+07 6.26249e+07 6.10892e+07 5.47164e+07
1.9 6.33061e+07 6.3105e+07 6.16396e+07 5.7467e+07
1.905 6.36966e+07 6.35702e+07 6.24224e+07 6.10407e+07
1.91 6.39707e+07 6.39155e+07 6.33395e+07 6.49016e+07
1.915 6.40867e+07 6.40587e+07 6.42769e+07 6.84854e+07
1.92 6.40313e+07 6.39587e+07 6.51218e+07 7.12835e+07
1.925 6.38215e+07 6.36239e+07 6.57789e+07 7.2917e+07
1.93 6.35004e+07 6.3111e+07 6.6183e+07 7.31869e+07
1.935 6.31272e+07 6.25132e+07 6.63068e+07 7.20973e+07
1.94 6.27649e+07 6.19405e+07 6.61621e+07 6.98481e+07
1.945 6.24675e+07 6.14982e+07 6.57945e+07 6.68e+07
1.95 6.227e+07 6.12658e+07 6.52745e+07 6.34192e+07
1.955 6.21832e+07 6.12837e+07 6.46847e+07 6.02086e+07
1.96 6.21943e+07 6.15475e+07 6.41073e+07 5.76376e+07
1.965 6.22726e+07 6.2012e+07 6.36134e+07 5.60774e+07
1.97 6.23788e+07 6.26023e+07 6.3255e+07 5.5751e+07
1.975 6.2476e+07 6.323e+07 6.30605e+07 5.67034e+07
1.98 6.25388e+07 6.38094e+07 6.3034e+07 5.87956e+07
1.985 6.25594e+07 6.42711e+07 6.31578e+07 6.17223e+07
1.99 6.25485e+07 6.45703e+07 6.33963e+07 6.50527e+07
1.995 6.25315e+07 6.46886e+07 6.37016e+07 6.82888e+07
2 6.25411e+07 6.46314e+07 6.40192e+07 7.09352e+07
2.005 6.26074e+07 6.44211e+07 6.42946e+07 7.257e+07
2.01 6.27497e+07 6.40894e+07 6.44788e+07 7.29101e+07
2.015 6.29692e+07 6.36713e+07 6.45343e+07 7.18575e+07
2.02 6.32474e+07 6.3201e+07 6.44408e+07 6.95212e+07
2.025 6.35482e+07 6.27117e+07 6.41985e+07 6.62084e+07
2.03 6.38243e+07 6.22362e+07 6.38303e+07 6.23848e+07
2.035 6.40269e+07 6.18089e+07 6.33809e+07 5.86075e+07
2.04 6.41147e+07 6.14662e+07 6.29121e+07 5.54405e+07
2.045 6.40628e+07 6.12451e+07 6.2495e+07 5.33655e+07
2.05 6.38679e+07 6.11783e+07 6.21995e+07 5.27029e+07
2.055 6.3549e+07 6.12879e+07 6.20826e+07 5.3557e+07
2.06 6.31442e+07 6.15783e+07 6.21772e+07 5.57955e+07
2.065 6.27044e+07 6.2031e+07 6.24847e+07 5.90696e+07
2.07 6.22843e+07 6.26023e+07 6.2972e+07 6.28694e+07
2.075 6.1934e+07 6.32266e+07 6.35748e+07 6.66089e+07
2.08 6.16917e+07 6.38237e+07 6.42065e+07 6.9723e+07
2.085 6.15793e+07 6.43105e+07 6.47723e+07 7.17608e+07
2.09 6.16009e+07 6.46146e+07 6.51849e+07 7.24576e+07
2.095 6.17452e+07 6.4687e+07 6.53794e+07 7.17737e+07
2.1 6.19891e+07 6.45114e+07 6.53249e+07 6.98923e+07
2.105 6.23025e+07 6.41084e+07 6.50298e+07 6.71796e+07
2.11 6.26536e+07 6.35333e+07 6.45404e+07 6.41135e+07
2.115 6.3012e+07 6.28674e+07 6.39325e+07 6.11981e+07
2.12 6.33507e+07 6.22051e+07 6.32985e+07 5.88773e+07
2.125 6.36468e+07 6.16392e+07 6.27316e+07 5.74653e+07
2.13 6.38808e+07 6.1246e+07 6.23111e+07 5.71054e+07
2.135 6.40359e+07 6.10744e+07 6.20907e+07 5.77611e+07
2.14 6.40984e+07 6.11398e+07 6.20925e+07 5.92397e+07
2.145 6.40583e+07 6.14239e+07 6.23063e+07 6.12405e+07
2.15 6.39119e+07 6.18798e+07 6.26946e+07 6.34162e+07
2.155 6.36643e+07 6.24415e+07 6.3201e+07 6.54343e+07
2.16 6.33318e+07 6.30358e+07 6.37602e+07 6.70279e+07
2.165 6.29428e+07 6.35929e+07 6.43081e+07 6.80287e+07
2.17 6.25365e+07 6.40556e+07 6.47888e+07 6.83767e+07
2.175 6.21592e+07 6.43851e+07 6.51594e+07 6.81122e+07
2.18 6.18577e+07 6.4562e+07 6.53917e+07 6.73511e+07
2.185 6.16723e+07 6.45847e+07 6.54712e+07 6.62546e+07
2.19 6.16295e+07 6.4465e+07 6.53961e+07 6.49978e+07
2.195 6.17361e+07 6.42229e+07 6.51751e+07 6.37441e+07
2.2 6.19772e+07 6.38826e+07 6.48266e+07 6.26276e+07
2.205 6.23178e+07 6.34693e+07 6.4378e+07 6.17454e+07
2.21 6.27081e+07 6.30091e+07 6.38661e+07 6.11559e+07
2.215 6.30926e+07 6.25294e+07 6.33359e+07 6.08826e+07
2.22 6.34194e+07 6.2061e+07 6.28383e+07 6.09191e+07
2.225 6.36497e+07 6.16389e+07 6.24264e+07 6.12342e+07
2.23 6.37644e+07 6.13016e+07 6.21489e+07 6.17761e+07
2.235 6.37664e+07 6.10881e+07 6.20434e+07 6.24771e+07
2.24 6.36785e+07 6.10327e+07 6.21293e+07 6.32579e+07
2.245 6.3537e+07 6.11578e+07 6.24034e+07 6.40343e+07
2.25 6.33828e+07 6.1468e+07 6.28373e+07 6.47258e+07
2.255 6.32514e+07 6.19447e+07 6.33809e+07 6.52644e+07
2.26 6.31652e+07 6.25453e+07 6.39678e+07 6.56031e+07
2.265 6.31279e+07 6.32063e+07 6.45257e+07 6.57216e+07
2.27 6.31249e+07 6.38509e+07 6.49867e+07 6.56276e+07
2.275 6.31268e+07 6.44e+07 6.52979e+07 6.53528e+07
2.28 6.30974e+07 6.47849e+07 6.54284e+07 6.49451e+07
2.285 6.30035e+07 6.49585e+07 6.53733e+07 6.44587e+07
2.29 6.28239e+07 6.49039e+07 6.51522e+07 6.39434e+07
2.295 6.25566e+07 6.46366e+07 6.48035e+07 6.34389e+07
2.3 6.2222e+07 6.4202e+07 6.4377e+07 6.29717e+07
2.305 6.18612e+07 6.36669e+07 6.39244e+07 6.25589e+07
2.31 6.15305e+07 6.31072e+07 6.34918e+07 6.2214e+07
2.315 6.12915e+07 6.25951e+07 6.31139e+07 6.19553e+07
2.32 6.1201e+07 6.21865e+07 6.28127e+07 6.18104e+07
2.325 6.12997e+07 6.19143e+07 6.25981e+07 6.18165e+07
2.33 6.16043e+07 6.17846e+07 6.24713e+07 6.20141e+07
2.335 6.21025e+07 6.17802e+07 6.24292e+07 6.24349e+07
2.34 6.27524e+07 6.18673e+07 6.24677e+07 6.30865e+07
2.345 6.3487e+07 6.20052e+07 6.25834e+07 6.39379e+07
2.35 6.42213e+07 6.21561e+07 6.27728e+07 6.49119e+07
2.355 6.4864e+07 6.22921e+07 6.30305e+07 6.58854e+07
2.36 6.53283e+07 6.23995e+07 6.33456e+07 6.67026e+07
2.365 6.55449e+07 6.24783e+07 6.36997e+07 6.71984e+07
2.37 6.5471e+07 6.2539e+07 6.40657e+07 6.72287e+07
2.375 6.50978e+07 6.25967e+07 6.44097e+07 6.67028e+07
2.38 6.4453e+07 6.26655e+07 6.46959e+07 6.56096e+07
2.385 6.35993e+07 6.27535e+07 6.48919e+07 6.40322e+07
2.39 6.26279e+07 6.28616e+07 6.49757e+07 6.2147e+07
2.395 6.16482e+07 6.29831e+07 6.49403e+07 6.02041e+07
2.4 6.07747e+07 6.31071e+07 6.47965e+07 5.84929e+07
2.405 6.01122e+07 6.32216e+07 6.45711e+07 5.72972e+07
2.41 5.97427e+07 6.33169e+07 6.43024e+07 5.68478e+07
2.415 5.97139e+07 6.33878e+07 6.40326e+07 5.72802e+07
2.42 6.00327e+07 6.34326e+07 6.37996e+07 5.86061e+07
2.425 6.0664e+07 6.34524e+07 6.36295e+07 6.07033e+07
2.43 6.15352e+07 6.34477e+07 6.35322e+07 6.33274e+07
2.435 6.25455e+07 6.34169e+07 6.35006e+07 6.61422e+07
2.44 6.35796e+07 6.33552e+07 6.35137e+07 6.87671e+07
2.445 6.45224e+07 6.3256e+07 6.35431e+07 7.08317e+07
2.45 6.52732e+07 6.31142e+07 6.35609e+07 7.20309e+07
2.455 6.57577e+07 6.293e+07 6.35471e+07 7.21721e+07
2.46 6.59351e+07 6.27132e+07 6.34949e+07 7.12064e+07
2.465 6.58012e+07 6.24849e+07 6.34128e+07 6.92398e+07
2.47 6.53858e+07 6.22764e+07 6.33218e+07 6.65218e+07
2.475 6.4747e+07 6.21251e+07 6.32505e+07 6.34131e+07
2.48 6.39618e+07 6.20669e+07 6.32272e+07 6.03363e+07
2.485 6.31164e+07 6.2128e+07 6.32722e+07 5.77161e+07
2.49 6.22967e+07 6.23168e+07 6.3392e+07 5.59184e+07
2.495 6.15792e+07 6.26192e+07 6.35762e+07 5.51959e+07
2.5 6.10251e+07 6.29974e+07 6.37982e+07 5.5649e+07
2.505 6.06751e+07 6.33947e+07 6.40198e+07 5.7209e+07
2.51 6.05481e+07 6.37445e+07 6.41979e+07 5.9645e+07
2.515 6.064e+07 6.39826e+07 6.42926e+07 6.2597e+07
2.52 6.09262e+07 6.40594e+07 6.42751e+07 6.56279e+07
2.525 6.13648e+07 6.39507e+07 6.41333e+07 6.82892e+07
2.53 6.19017e+07 6.36636e+07 6.38746e+07 7.01897e+07
2.535 6.24769e+07 6.32367e+07 6.35255e+07 7.10551e+07
2.54 6.30318e+07 6.27338e+07 6.31288e+07 7.07713e+07
2.545 6.35161e+07 6.22336e+07 6.27374e+07 6.94009e+07
2.55 6.38932e+07 6.18156e+07 6.24083e+07 6.71727e+07
2.555 6.41439e+07 6.15464e+07 6.21949e+07 6.44439e+07
2.56 6.42669e+07 6.14686e+07 6.21404e+07 6.16421e+07
2.565 6.4276e+07 6.15942e+07 6.22723e+07 5.91969e+07
2.57 6.41946e+07 6.19035e+07 6.25984e+07 5.74725e+07
2.575 6.40491e+07 6.23497e+07 6.3104e+07 5.67126e+07
2.58 6.3862e+07 6.28677e+07 6.37525e+07 5.70064e+07
2.585 6.36467e+07 6.33848e+07 6.44867e+07 5.82811e+07
2.59 6.34067e+07 6.38325e+07 6.52339e+07 6.03204e+07
2.595 6.31369e+07 6.4155e+07 6.59122e+07 6.28049e+07
2.6 6.28298e+07 6.43165e+07 6.64396e+07 6.5366e+07
2.605 6.24827e+07 6.43026e+07 6.67439e+07 6.76441e+07
2.61 6.21053e+07 6.41205e+07 6.67733e+07 6.93407e+07
2.615 6.17241e+07 6.37948e+07 6.65046e+07 7.02565e+07
2.62 6.13831e+07 6.33634e+07 6.59495e+07 7.03119e+07
2.625 6.11385e+07 6.28716e+07 6.51563e+07 6.95472e+07
2.63 6.10488e+07 6.23681e+07 6.4206e+07 6.81068e+07
2.635 6.1162e+07 6.19004e+07 6.32039e+07 6.62105e+07
2.64 6.15022e+07 6.15125e+07 6.22665e+07 6.41182e+07
2.645 6.20594e+07 6.12417e+07 6.15059e+07 6.20951e+07
2.65 6.27851e+07 6.11166e+07 6.10135e+07 6.03791e+07
2.655 6.35954e+07 6.11542e+07 6.0847e+07 5.91564e+07
2.66 6.43819e+07 6.1358e+07 6.10208e+07 5.85449e+07
2.665 6.50285e+07 6.17162e+07 6.15035e+07 5.85857e+07
2.67 6.54309e+07 6.22005e+07 6.2222e+07 5.92426e+07
2.675 6.55161e+07 6.27675e+07 6.30718e+07 6.0409e+07
2.68 6.52565e+07 6.3362e+07 6.39322e+07 6.19205e+07
2.685 6.46765e+07 6.39219e+07 6.46844e+07 6.35739e+07
2.69 6.385e+07 6.43861e+07 6.52282e+07 6.51505e+07
2.695 6.28895e+07 6.47016e+07 6.54967e+07 6.64428e+07
2.7 6.19282e+07 6.48317e+07 6.54649e+07 6.72811e+07
2.705 6.10987e+07 6.47614e+07 6.51529e+07 6.75572e+07
2.71 6.0512e+07 6.45001e+07 6.46219e+07 6.72406e+07
2.715 6.02413e+07 6.40813e+07 6.39639e+07 6.63843e+07
2.72 6.03115e+07 6.35577e+07 6.32878e+07 6.51185e+07
2.725 6.0698e+07 6.29946e+07 6.27031e+07 6.36303e+07
2.73 6.13323e+07 6.24604e+07 6.23033e+07 6.21352e+07
2.735 6.21147e+07 6.2017e+07 6.21525e+07 6.08419e+07
2.74 6.29305e+07 6.17119e+07 6.22756e+07 5.99194e+07
2.745 6.36678e+07 6.15719e+07 6.26544e+07 5.94711e+07
2.75 6.4233e+07 6.1601e+07 6.323e+07 5.95217e+07
2.755 6.45631e+07 6.17806e+07 6.39103e+07 6.00195e+07
2.76 6.46319e+07 6.20744e+07 6.45835e+07 6.08523e+07
2.765 6.44521e+07 6.24341e+07 6.51344e+07 6.1874e+07
2.77 6.40701e+07 6.28069e+07 6.54616e+07 6.29353e+07
2.775 6.35581e+07 6.31434e+07 6.54943e+07 6.39114e+07
2.78 6.30023e+07 6.34033e+07 6.52045e+07 6.47208e+07
2.785 6.24904e+07 6.356e+07 6.46142e+07 6.53315e+07
2.79 6.20988e+07 6.36023e+07 6.37953e+07 6.57542e+07
2.795 6.18825e+07 6.35343e+07 6.28615e+07 6.60265e+07
2.8 6.1868e+07 6.3373e+07 6.19538e+07 6.61914e+07
2.805 6.20494e+07 6.31445e+07 6.122e+07 6.62783e+07
2.81 6.23909e+07 6.28802e+07 6.07928e+07 6.62919e+07
2.815 6.28317e+07 6.26125e+07 6.07677e+07 6.62106e+07
2.82 6.3296e+07 6.2371e+07 6.11863e+07 6.59968e+07
2.825 6.37042e+07 6.218e+07 6.2026e+07 6.5614e+07
2.83 6.39858e+07 6.20567e+07 6.32001e+07 6.50464e+07
2.835 6.40901e+07 6.20108e+07 6.45671e+07 6.43147e+07
2.84 6.39946e+07 6.20441e+07 6.59497e+07 6.34823e+07
2.845 6.37088e+07 6.21517e+07 6.71591e+07 6.26502e+07
2.85 6.32732e+07 6.23226e+07 6.80229e+07 6.19396e+07
2.855 6.27534e+07 6.25411e+07 6.84112e+07 6.14675e+07
2.86 6.223e+07 6.27878e+07 6.8256e+07 6.13198e+07
2.865 6.17861e+07 6.30413e+07 6.75633e+07 6.15294e+07
2.87 6.14946e+07 6.32795e+07 6.64125e+07 6.20652e+07
2.875 6.14063e+07 6.34814e+07 6.49465e+07 6.28341e+07
2.88 6.15418e+07 6.36287e+07 6.33515e+07 6.36974e+07
2.885 6.18877e+07 6.37076e+07 6.18311e+07 6.44969e+07
2.89 6.2398e+07 6.3711e+07 6.05776e+07 6.50855e+07
2.895 6.30006e+07 6.36394e+07 5.97457e+07 6.53559e+07
2.9 6.36075e+07 6.35016e+07 5.94321e+07 6.52608e+07
2.905 6.41282e+07 6.33144e+07 5.96631e+07 6.48203e+07
2.91 6.44824e+07 6.3101e+07 6.03925e+07 6.41165e+07
2.915 6.46132e+07 6.28877e+07 6.15096e+07 6.32766e+07
2.92 6.44948e+07 6.2701e+07 6.28555e+07 6.24482e+07
2.925 6.41377e+07 6.25631e+07 6.42453e+07 6.17729e+07
2.93 6.35868e+07 6.24885e+07 6.54934e+07 6.13633e+07
2.935 6.29154e+07 6.24813e+07 6.64378e+07 6.12866e+07
2.94 6.22144e+07 6.25346e+07 6.69604e+07 6.15571e+07
2.945 6.15782e+07 6.26318e+07 6.70021e+07 6.21378e+07
2.95 6.10917e+07 6.27492e+07 6.65682e+07 6.29484e+07
2.955 6.08169e+07 6.28616e+07 6.57269e+07 6.3878e+07
2.96 6.07848e+07 6.29465e+07 6.45986e+07 6.47998e+07
2.965 6.09921e+07 6.29893e+07 6.33393e+07 6.55858e+07
2.97 6.14029e+07 6.29863e+07 6.21188e+07 6.6121e+07
2.975 6.19566e+07 6.29453e+07 6.10978e+07 6.63154e+07
2.98 6.25784e+07 6.28836e+07 6.04062e+07 6.61159e+07
2.985 6.31921e+07 6.28243e+07 6.01261e+07 6.55149e+07
2.99 6.37318e+07 6.27898e+07 6.02812e+07 6.45567e+07
2.995 6.41504e+07 6.27967e+07 6.08346e+07 6.33385e+07
3 6.44237e+07 6.28504e+07 6.16958e+07 6.20047e+07
3.005 6.45499e+07 6.2943e+07 6.27349e+07 6.07335e+07
3.01 6.45446e+07 6.30544e+07 6.38033e+07 5.97146e+07
3.015 6.44333e+07 6.31559e+07 6.47567e+07 5.91218e+07
3.02 6.42434e+07 6.32165e+07 6.54771e+07 5.90831e+07
3.025 6.39976e+07 6.32102e+07 6.58904e+07 5.96542e+07
3.03 6.37104e+07 6.31232e+07 6.59762e+07 6.08012e+07
3.035 6.33885e+07 6.29578e+07 6.5769e+07 6.23976e+07
3.04 6.30343e+07 6.27341e+07 6.53491e+07 6.42372e+07
3.045 6.26519e+07 6.24872e+07 6.48266e+07 6.60632e+07
3.05 6.22526e+07 6.22607e+07 6.43198e+07 6.7609e+07
3.055 6.1859e+07 6.20986e+07 6.39329e+07 6.86425e+07
3.06 6.15062e+07 6.20361e+07 6.37368e+07 6.90076e+07
3.065 6.12379e+07 6.20918e+07 6.37559e+07 6.8652e+07
3.07 6.11e+07 6.22633e+07 6.39652e+07 6.76379e+07
3.075 6.11312e+07 6.25263e+07 6.42953e+07 6.61316e+07
3.08 6.13534e+07 6.28385e+07 6.46475e+07 6.43735e+07
3.085 6.17648e+07 6.31471e+07 6.49133e+07 6.26368e+07
3.09 6.23354e+07 6.3398e+07 6.49968e+07 6.11793e+07
3.095 6.30088e+07 6.35462e+07 6.48344e+07 6.02014e+07
3.1 6.37085e+07 6.35635e+07 6.44086e+07 5.98155e+07
3.105 6.43476e+07 6.34442e+07 6.37539e+07 6.00338e+07
3.11 6.48422e+07 6.3206e+07 6.29525e+07 6.07741e+07
3.115 6.51234e+07 6.28865e+07 6.21215e+07 6.18828e+07
3.12 6.51485e+07 6.25374e+07 6.13945e+07 6.31674e+07
3.125 6.49073e+07 6.2215e+07 6.08984e+07 6.44322e+07
3.13 6.44245e+07 6.19717e+07 6.07327e+07 6.55106e+07
3.135 6.37565e+07 6.18474e+07 6.09518e+07 6.62861e+07
3.14 6.29838e+07 6.1864e+07 6.1555e+07 6.67018e+07
3.145 6.22006e+07 6.2023e+07 6.24845e+07 6.67574e+07
3.15 6.15023e+07 6.23059e+07 6.3633e+07 6.64966e+07
3.155 6.09737e+07 6.26778e+07 6.48581e+07 6.59901e+07
3.16 6.06779e+07 6.30931e+07 6.60019e+07 6.53182e+07
3.165 6.06488e+07 6.35017e+07 6.69135e+07 6.45571e+07
3.17 6.08864e+07 6.38556e+07 6.74699e+07 6.37715e+07
3.175 6.13572e+07 6.41143e+07 6.75932e+07 6.30125e+07
3.18 6.19977e+07 6.42488e+07 6.72619e+07 6.23198e+07
3.185 6.27229e+07 6.42445e+07 6.65141e+07 6.17261e+07
3.19 6.34366e+07 6.41018e+07 6.54425e+07 6.126e+07
3.195 6.40447e+07 6.38357e+07 6.41824e+07 6.09477e+07
3.2 6.4468e+07 6.34744e+07 6.28932e+07 6.08106e+07
3.205 6.4654e+07 6.30559e+07 6.1737e+07 6.0862e+07
3.21 6.45854e+07 6.26253e+07 6.08564e+07 6.11026e+07
3.215 6.42829e+07 6.22296e+07 6.03551e+07 6.15177e+07
3.22 6.38035e+07 6.19136e+07 6.02836e+07 6.20769e+07
3.225 6.32319e+07 6.17144e+07 6.06328e+07 6.27366e+07
3.23 6.26668e+07 6.16568e+07 6.1336e+07 6.34454e+07
3.235 6.22051e+07 6.17498e+07 6.22792e+07 6.41493e+07
3.24 6.19245e+07 6.19842e+07 6.33192e+07 6.47971e+07
3.245 6.18692e+07 6.23326e+07 6.43044e+07 6.53438e+07
3.25 6.20413e+07 6.27523e+07 6.50985e+07 6.57505e+07
3.255 6.23988e+07 6.319e+07 6.56001e+07 6.59846e+07
3.26 6.28625e+07 6.35893e+07 6.5757e+07 6.60178e+07
3.265 6.33292e+07 6.38987e+07 6.55722e+07 6.58272e+07
3.27 6.36914e+07 6.40794e+07 6.51007e+07 6.53987e+07
3.275 6.38574e+07 6.41114e+07 6.44383e+07 6.47333e+07
3.28 6.37701e+07 6.39969e+07 6.37036e+07 6.38553e+07
3.285 6.34201e+07 6.37595e+07 6.30175e+07 6.28211e+07
3.29 6.28498e+07 6.344e+07 6.24829e+07 6.17224e+07
3.295 6.21485e+07 6.3089e+07 6.21693e+07 6.06847e+07
3.3 6.14383e+07 6.27569e+07 6.21035e+07 5.98552e+07
3.305 6.08529e+07 6.24852e+07 6.22687e+07 5.9384e+07
3.31 6.05139e+07 6.22984e+07 6.26114e+07 5.93973e+07
3.315 6.05082e+07 6.22004e+07 6.30544e+07 5.99707e+07
3.32 6.08713e+07 6.21753e+07 6.35129e+07 6.11053e+07
3.325 6.15783e+07 6.21919e+07 6.39106e+07 6.27146e+07
3.33 6.25465e+07 6.22128e+07 6.41936e+07 6.46255e+07
3.335 6.36467e+07 6.22044e+07 6.43377e+07 6.65965e+07
3.34 6.47242e+07 6.21467e+07 6.43505e+07 6.83493e+07
3.345 6.56224e+07 6.20396e+07 6.42663e+07 6.96127e+07
3.35 6.62083e+07 6.1905e+07 6.41369e+07 7.01682e+07
3.355 6.63932e+07 6.17829e+07 6.40189e+07 6.98903e+07
3.36 6.61461e+07 6.17237e+07 6.39613e+07 6.87746e+07
3.365 6.54975e+07 6.17753e+07 6.39952e+07 6.69451e+07
3.37 6.45345e+07 6.19717e+07 6.41276e+07 6.46416e+07
3.375 6.33855e+07 6.23216e+07 6.43405e+07 6.21854e+07
3.38 6.22016e+07 6.28032e+07 6.45941e+07 5.99319e+07
3.385 6.11333e+07 6.3364e+07 6.48356e+07 5.82145e+07
3.39 6.03104e+07 6.39285e+07 6.50086e+07 5.72929e+07
3.395 5.98254e+07 6.44102e+07 6.50651e+07 5.73108e+07
3.4 5.9723e+07 6.47277e+07 6.49742e+07 5.82731e+07
3.405 5.99982e+07 6.48198e+07 6.47291e+07 6.0044e+07
3.41 6.05999e+07 6.46589e+07 6.43491e+07 6.23673e+07
3.415 6.14413e+07 6.42572e+07 6.38778e+07 6.49046e+07
3.42 6.24134e+07 6.36664e+07 6.33762e+07 6.72859e+07
3.425 6.33994e+07 6.29702e+07 6.29137e+07 6.91633e+07
3.43 6.42895e+07 6.22706e+07 6.25568e+07 7.02622e+07
3.435 6.49927e+07 6.16712e+07 6.2358e+07 7.04189e+07
3.44 6.54449e+07 6.12604e+07 6.23471e+07 6.96036e+07
3.445 6.56141e+07 6.10976e+07 6.2525e+07 6.79228e+07
3.45 6.55009e+07 6.12045e+07 6.28633e+07 6.56032e+07
3.455 6.51363e+07 6.15631e+07 6.33073e+07 6.29587e+07
3.46 6.45753e+07 6.21201e+07 6.37847e+07 6.0347e+07
3.465 6.389e+07 6.27962e+07 6.42167e+07 5.81192e+07
3.47 6.31598e+07 6.34988e+07 6.45307e+07 5.65727e+07
3.475 6.24621e+07 6.41355e+07 6.46722e+07 5.59106e+07
3.48 6.18632e+07 6.46262e+07 6.4615e+07 5.6215e+07
3.485 6.14111e+07 6.49121e+07 6.43655e+07 5.74371e+07
3.49 6.11308e+07 6.49618e+07 6.39631e+07 5.94046e+07
3.495 6.10234e+07 6.47726e+07 6.34741e+07 6.18465e+07
3.5 6.10685e+07 6.43696e+07 6.29813e+07 6.44317e+07
3.505 6.123e+07 6.38008e+07 6.25705e+07 6.68149e+07
3.51 6.14647e+07 6.31323e+07 6.23159e+07 6.86849e+07
3.515 6.17314e+07 6.24402e+07 6.22677e+07 6.9807e+07
3.52 6.19992e+07 6.18033e+07 6.24421e+07 7.00549e+07
3.525 6.22528e+07 6.12947e+07 6.28185e+07 6.94259e+07
3.53 6.24943e+07 6.09737e+07 6.33408e+07 6.80389e+07
3.535 6.27396e+07 6.0878e+07 6.39265e+07 6.61143e+07
3.54 6.30115e+07 6.10183e+07 6.44789e+07 6.39399e+07
3.545 6.33295e+07 6.13751e+07 6.49037e+07 6.18278e+07
3.55 6.37005e+07 6.18998e+07 6.51241e+07 6.00689e+07
3.555 6.41107e+07 6.25189e+07 6.50948e+07 5.88921e+07
3.56 6.45225e+07 6.31444e+07 6.48106e+07 5.84336e+07
3.565 6.48779e+07 6.36855e+07 6.43094e+07 5.87216e+07
3.57 6.51065e+07 6.40632e+07 6.36675e+07 5.9677e+07
3.575 6.51397e+07 6.42233e+07 6.2989e+07 6.11306e+07
3.58 6.49261e+07 6.41458e+07 6.23895e+07 6.28522e+07
3.585 6.44456e+07 6.38498e+07 6.19781e+07 6.45876e+07
3.59 6.37195e+07 6.33903e+07 6.1838e+07 6.60971e+07
3.595 6.2813e+07 6.28498e+07 6.20122e+07 6.71894e+07
3.6 6.18297e+07 6.23234e+07 6.24938e+07 6.77464e+07
3.605 6.08975e+07 6.19023e+07 6.32246e+07 6.77351e+07
3.61 6.0149e+07 6.16578e+07 6.41023e+07 6.72061e+07
3.615 5.97e+07 6.16283e+07 6.49945e+07 6.62796e+07
3.62 5.96286e+07 6.18131e+07 6.57597e+07 6.51211e+07
3.625 5.99613e+07 6.21738e+07 6.62698e+07 6.39126e+07
3.63 6.06663e+07 6.26419e+07 6.64316e+07 6.28235e+07
3.635 6.16578e+07 6.31323e+07 6.62032e+07 6.19858e+07
3.64 6.28087e+07 6.35593e+07 6.56034e+07 6.14774e+07
3.645 6.39708e+07 6.38519e+07 6.47099e+07 6.13159e+07
3.65 6.49977e+07 6.39651e+07 6.3649e+07 6.14638e+07
3.655 6.57673e+07 6.38872e+07 6.25764e+07 6.18413e+07
3.66 6.61987e+07 6.3639e+07 6.1653e+07 6.23471e+07
3.665 6.6262e+07 6.32682e+07 6.10194e+07 6.28793e+07
3.67 6.59795e+07 6.28395e+07 6.07736e+07 6.33551e+07
3.675 6.54173e+07 6.24225e+07 6.09556e+07 6.37242e+07
3.68 6.46717e+07 6.20799e+07 6.15407e+07 6.3974e+07
3.685 6.38512e+07 6.18585e+07 6.24443e+07 6.41255e+07
3.69 6.30588e+07 6.17835e+07 6.35344e+07 6.42223e+07
3.695 6.23778e+07 6.18568e+07 6.46531e+07 6.43138e+07
3.7 6.18618e+07 6.20598e+07 6.56405e+07 6.44382e+07
3.705 6.1532e+07 6.23581e+07 6.63585e+07 6.46081e+07
3.71 6.13799e+07 6.27081e+07 6.67106e+07 6.48037e+07
3.715 6.13747e+07 6.30637e+07 6.66551e+07 6.49731e+07
3.72 6.14734e+07 6.33827e+07 6.62089e+07 6.50431e+07
3.725 6.16311e+07 6.36311e+07 6.54435e+07 6.49357e+07
3.73 6.18094e+07 6.37869e+07 6.44722e+07 6.45891e+07
3.735 6.19822e+07 6.3841e+07 6.3433e+07 6.39774e+07
3.74 6.21373e+07 6.37978e+07 6.24681e+07 6.31249e+07
3.745 6.22757e+07 6.3673e+07 6.17037e+07 6.21112e+07
3.75 6.24069e+07 6.34914e+07 6.12333e+07 6.10659e+07
3.755 6.25443e+07 6.32829e+07 6.11063e+07 6.01516e+07
3.76 6.26993e+07 6.3078e+07 6.13226e+07 5.95385e+07
3.765 6.28774e+07 6.29031e+07 6.18349e+07 5.93753e+07
3.77 6.30753e+07 6.27767e+07 6.25573e+07 5.97596e+07
3.775 6.32805e+07 6.27057e+07 6.33785e+07 6.07157e+07
3.78 6.34726e+07 6.26851e+07 6.41792e+07 6.21823e+07
3.785 6.36261e+07 6.26985e+07 6.48494e+07 6.40135e+07
3.79 6.37151e+07 6.27222e+07 6.53039e+07 6.59949e+07
3.795 6.37173e+07 6.27299e+07 6.54943e+07 6.78699e+07
3.8 6.36186e+07 6.26995e+07 6.54148e+07 6.93765e+07
3.805 6.34163e+07 6.26184e+07 6.51014e+07 7.02848e+07
3.81 6.31217e+07 6.24877e+07 6.46242e+07 7.04337e+07
3.815 6.27604e+07 6.23239e+07 6.40746e+07 6.97572e+07
3.82 6.23704e+07 6.21567e+07 6.35496e+07 6.82985e+07
3.825 6.19991e+07 6.20238e+07 6.31351e+07 6.62092e+07
3.83 6.16972e+07 6.19642e+07 6.28916e+07 6.37316e+07
3.835 6.15127e+07 6.20092e+07 6.28448e+07 6.11685e+07
3.84 6.14829e+07 6.21755e+07 6.29831e+07 5.88434e+07
3.845 6.16281e+07 6.246e+07 6.3261e+07 5.70558e+07
3.85 6.19466e+07 6.2838e+07 6.36094e+07 5.60404e+07
3.855 6.24121e+07 6.32655e+07 6.39493e+07 5.59334e+07
3.86 6.29748e+07 6.36856e+07 6.4207e+07 5.67523e+07
3.865 6.35667e+07 6.40372e+07 6.43277e+07 5.83923e+07
3.87 6.41101e+07 6.42651e+07 6.42849e+07 6.06392e+07
3.875 6.45282e+07 6.43294e+07 6.40844e+07 6.31982e+07
3.88 6.47575e+07 6.42124e+07 6.37616e+07 6.57345e+07
3.885 6.47584e+07 6.39223e+07 6.33745e+07 6.79186e+07
3.89 6.45233e+07 6.34928e+07 6.2992e+07 6.94722e+07
3.895 6.408e+07 6.2978e+07 6.26817e+07 7.02063e+07
3.9 6.34895e+07 6.24448e+07 6.24984e+07 7.0046e+07
3.905 6.28379e+07 6.19623e+07 6.24756e+07 6.90395e+07
3.91 6.22239e+07 6.15925e+07 6.26212e+07 6.7349e+07
3.915 6.17428e+07 6.13804e+07 6.29178e+07 6.52259e+07
3.92 6.14709e+07 6.13486e+07 6.33263e+07 6.29729e+07
3.925 6.14518e+07 6.14944e+07 6.37929e+07 6.09007e+07
3.93 6.16874e+07 6.17911e+07 6.42575e+07 5.92837e+07
3.935 6.21365e+07 6.21935e+07 6.46614e+07 5.8323e+07
3.94 6.27196e+07 6.26449e+07 6.4955e+07 5.81212e+07
3.945 6.33321e+07 6.30863e+07 6.51035e+07 5.86719e+07
3.95 6.38608e+07 6.34652e+07 6.509e+07 5.98657e+07
3.955 6.42043e+07 6.37421e+07 6.49173e+07 6.1511e+07
3.96 6.42907e+07 6.3895e+07 6.46073e+07 6.33647e+07
3.965 6.40914e+07 6.39205e+07 6.41983e+07 6.51694e+07
3.97 6.36282e+07 6.38316e+07 6.3741e+07 6.66904e+07
3.975 6.29707e+07 6.36532e+07 6.32921e+07 6.77465e+07
3.98 6.22262e+07 6.34161e+07 6.29081e+07 6.8232e+07
3.985 6.1522e+07 6.31515e+07 6.26375e+07 6.81258e+07
3.99 6.09842e+07 6.28863e+07 6.2514e+07 6.74878e+07
3.995 6.07154e+07 6.26401e+07 6.25512e+07 6.64442e+07
4 6.07766e+07 6.24254e+07 6.27404e+07 6.51636e+07
4.005 6.11754e+07 6.22483e+07 6.30509e+07 6.38303e+07
4.01 6.18632e+07 6.21118e+07 6.34348e+07 6.26162e+07
4.015 6.27417e+07 6.20181e+07 6.38342e+07 6.16579e+07
4.02 6.36779e+07 6.19713e+07 6.41914e+07 6.10415e+07
4.025 6.45253e+07 6.19773e+07 6.44581e+07 6.07956e+07
4.03 6.5147e+07 6.2043e+07 6.46043e+07 6.08952e+07
4.035 6.54378e+07 6.21741e+07 6.46233e+07 6.12724e+07
4.04 6.53408e+07 6.23719e+07 6.45315e+07 6.18335e+07
4.045 6.48567e+07 6.2631e+07 6.43654e+07 6.24773e+07
4.05 6.40439e+07 6.29378e+07 6.41725e+07 6.31131e+07
4.055 6.30095e+07 6.32711e+07 6.40014e+07 6.36732e+07
4.06 6.18939e+07 6.36042e+07 6.38915e+07 6.41198e+07
4.065 6.085e+07 6.39083e+07 6.38639e+07 6.44441e+07
4.07 6.00218e+07 6.41565e+07 6.39176e+07 6.46599e+07
4.075 5.95244e+07 6.43274e+07 6.40298e+07 6.47929e+07
4.08 5.94296e+07 6.44071e+07 6.41612e+07 6.48686e+07
4.085 5.97568e+07 6.43905e+07 6.42655e+07 6.4902e+07
4.09 6.04721e+07 6.428e+07 6.42996e+07 6.48924e+07
4.095 6.14941e+07 6.40842e+07 6.42349e+07 6.48226e+07
4.1 6.2705e+07 6.38162e+07 6.40635e+07 6.46657e+07
4.105 6.3966e+07 6.34917e+07 6.38021e+07 6.43943e+07
4.11 6.51343e+07 6.31293e+07 6.34891e+07 6.39932e+07
4.115 6.60796e+07 6.27505e+07 6.31778e+07 6.34697e+07
4.12 6.66985e+07 6.23802e+07 6.29254e+07 6.28599e+07
4.125 6.69255e+07 6.20471e+07 6.27818e+07 6.22293e+07
4.13 6.67394e+07 6.17823e+07 6.27789e+07 6.16648e+07
4.135 6.61647e+07 6.16162e+07 6.2923e+07 6.12626e+07
4.14 6.52687e+07 6.15738e+07 6.31931e+07 6.11101e+07
4.145 6.4153e+07 6.16691e+07 6.35433e+07 6.12685e+07
4.15 6.29429e+07 6.18994e+07 6.39115e+07 6.17586e+07
4.155 6.17728e+07 6.22426e+07 6.423e+07 6.25515e+07
4.16 6.07715e+07 6.26573e+07 6.44392e+07 6.35691e+07
4.165 6.00474e+07 6.3087e+07 6.44985e+07 6.46919e+07
4.17 5.9676e+07 6.34686e+07 6.43946e+07 6.5775e+07
4.175 5.9691e+07 6.37434e+07 6.41454e+07 6.6669e+07
4.18 6.00803e+07 6.38686e+07 6.37967e+07 6.72423e+07
4.185 6.07877e+07 6.38265e+07 6.34151e+07 6.74016e+07
4.19 6.17199e+07 6.36298e+07 6.30759e+07 6.71067e+07
4.195 6.27587e+07 6.33205e+07 6.28493e+07 6.63783e+07
4.2 6.37763e+07 6.2963e+07 6.27874e+07 6.52967e+07
4.205 6.46522e+07 6.26319e+07 6.29137e+07 6.39923e+07
4.21 6.52885e+07 6.23967e+07 6.32178e+07 6.26293e+07
4.215 6.56225e+07 6.23081e+07 6.36565e+07 6.13842e+07
4.22 6.56333e+07 6.23863e+07 6.41595e+07 6.04226e+07
4.225 6.53433e+07 6.26164e+07 6.46414e+07 5.98767e+07
4.23 6.4812e+07 6.29508e+07 6.50159e+07 5.98269e+07
4.235 6.41261e+07 6.3318e+07 6.52105e+07 6.0289e+07
4.24 6.33842e+07 6.36371e+07 6.51789e+07 6.12099e+07
4.245 6.26821e+07 6.38342e+07 6.49092e+07 6.24712e+07
4.25 6.20987e+07 6.38572e+07 6.44268e+07 6.39037e+07
4.255 6.16854e+07 6.36871e+07 6.37906e+07 6.53076e+07
4.26 6.14614e+07 6.33418e+07 6.30842e+07 6.648e+07
4.265 6.14143e+07 6.28735e+07 6.24036e+07 6.72436e+07
4.27 6.15062e+07 6.23592e+07 6.18429e+07 6.74744e+07
4.275 6.16841e+07 6.18867e+07 6.14811e+07 6.71226e+07
4.28 6.18913e+07 6.15387e+07 6.13717e+07 6.62239e+07
4.285 6.20793e+07 6.13784e+07 6.15353e+07 6.48978e+07
4.29 6.22164e+07 6.14388e+07 6.19585e+07 6.33331e+07
4.295 6.22919e+07 6.17168e+07 6.25962e+07 6.17607e+07
4.3 6.23166e+07 6.21748e+07 6.33774e+07 6.04193e+07
4.305 6.23173e+07 6.27464e+07 6.42152e+07 5.95171e+07
4.31 6.23293e+07 6.33475e+07 6.50158e+07 5.91982e+07
4.315 6.23865e+07 6.38891e+07 6.56899e+07 5.95181e+07
4.32 6.2513e+07 6.42906e+07 6.61616e+07 6.04336e+07
4.325 6.2716e+07 6.44913e+07 6.63772e+07 6.18083e+07
4.33 6.29831e+07 6.44587e+07 6.63112e+07 6.34352e+07
4.335 6.3284e+07 6.41928e+07 6.59697e+07 6.50692e+07
4.34 6.35751e+07 6.37257e+07 6.53917e+07 6.64674e+07
4.345 6.38074e+07 6.31175e+07 6.46459e+07 6.74274e+07
4.35 6.39358e+07 6.2448e+07 6.38244e+07 6.78188e+07
4.355 6.39268e+07 6.18065e+07 6.30326e+07 6.76013e+07
4.36 6.37654e+07 6.12799e+07 6.2376e+07 6.68278e+07
4.365 6.34586e+07 6.0941e+07 6.19457e+07 6.56319e+07
4.37 6.30346e+07 6.08384e+07 6.18037e+07 6.4204e+07
4.375 6.25406e+07 6.09897e+07 6.19715e+07 6.27584e+07
4.38 6.20363e+07 6.13779e+07 6.24236e+07 6.15001e+07
4.385 6.15869e+07 6.19532e+07 6.30881e+07 6.05954e+07
4.39 6.12557e+07 6.26389e+07 6.38553e+07 6.01507e+07
4.395 6.1096e+07 6.33418e+07 6.45938e+07 6.0202e+07
4.4 6.11453e+07 6.39646e+07 6.51714e+07 6.07164e+07
4.405 6.14202e+07 6.44204e+07 6.54784e+07 6.16027e+07
4.41 6.19132e+07 6.46454e+07 6.54484e+07 6.27284e+07
4.415 6.25918e+07 6.46082e+07 6.50725e+07 6.39411e+07
4.42 6.33997e+07 6.43156e+07 6.44039e+07 6.50889e+07
4.425 6.426e+07 6.38116e+07 6.35515e+07 6.60382e+07
4.43 6.50817e+07 6.31711e+07 6.26626e+07 6.6688e+07
4.435 6.57685e+07 6.24891e+07 6.18974e+07 6.69774e+07
4.44 6.62291e+07 6.18661e+07 6.14007e+07 6.68898e+07
4.445 6.63893e+07 6.1393e+07 6.12744e+07 6.64506e+07
4.45 6.62037e+07 6.11373e+07 6.15576e+07 6.5722e+07
4.455 6.5665e+07 6.11331e+07 6.22179e+07 6.47947e+07
4.46 6.48093e+07 6.13759e+07 6.31551e+07 6.37766e+07
4.465 6.37163e+07 6.18244e+07 6.42184e+07 6.27807e+07
4.47 6.25024e+07 6.24072e+07 6.5232e+07 6.19125e+07
4.475 6.1308e+07 6.30351e+07 6.60265e+07 6.12583e+07
4.48 6.02792e+07 6.36154e+07 6.64693e+07 6.08758e+07
4.485 5.95475e+07 6.40666e+07 6.64872e+07 6.07885e+07
4.49 5.92098e+07 6.43317e+07 6.60797e+07 6.09836e+07
4.495 5.9312e+07 6.43859e+07 6.53181e+07 6.14157e+07
4.5 5.98403e+07 6.42396e+07 6.43322e+07 6.20141e+07
4.505 6.07207e+07 6.39347e+07 6.32865e+07 6.26933e+07
4.51 6.18286e+07 6.35359e+07 6.2351e+07 6.33656e+07
4.515 6.30066e+07 6.31174e+07 6.16722e+07 6.39524e+07
4.52 6.40876e+07 6.27493e+07 6.13482e+07 6.43935e+07
4.525 6.49207e+07 6.2484e+07 6.14143e+07 6.46534e+07
4.53 6.53936e+07 6.23478e+07 6.1839e+07 6.47232e+07
4.535 6.54504e+07 6.23364e+07 6.25323e+07 6.46179e+07
4.54 6.50993e+07 6.24181e+07 6.33642e+07 6.43724e+07
4.545 6.44104e+07 6.25418e+07 6.41878e+07 6.40347e+07
4.55 6.3504e+07 6.265e+07 6.48659e+07 6.36595e+07
4.555 6.25309e+07 6.26923e+07 6.52925e+07 6.33016e+07
4.56 6.16483e+07 6.26386e+07 6.54098e+07 6.3012e+07
4.565 6.09952e+07 6.2487e+07 6.52147e+07 6.28336e+07
4.57 6.06715e+07 6.22667e+07 6.47562e+07 6.27983e+07
4.575 6.07235e+07 6.2033e+07 6.41248e+07 6.29247e+07
4.58 6.11379e+07 6.18567e+07 6.34348e+07 6.32151e+07
4.585 6.18457e+07 6.18085e+07 6.28047e+07 6.36531e+07
4.59 6.27336e+07 6.19432e+07 6.23376e+07 6.42017e+07
4.595 6.36623e+07 6.22845e+07 6.21055e+07 6.48036e+07
4.6 6.44875e+07 6.28165e+07 6.21391e+07 6.53845e+07
4.605 6.50819e+07 6.34813e+07 6.24253e+07 6.58589e+07
4.61 6.53535e+07 6.41856e+07 6.29109e+07 6.6141e+07
4.615 6.52585e+07 6.48145e+07 6.35126e+07 6.61577e+07
4.62 6.48071e+07 6.52508e+07 6.41312e+07 6.58617e+07
4.625 6.40615e+07 6.53956e+07 6.46671e+07 6.52448e+07
4.63 6.31262e+07 6.51878e+07 6.50361e+07 6.43449e+07
4.635 6.21332e+07 6.4618e+07 6.51818e+07 6.32486e+07
4.64 6.12222e+07 6.37344e+07 6.50844e+07 6.20838e+07
4.645 6.05209e+07 6.26392e+07 6.47635e+07 6.10059e+07
4.65 6.0127e+07 6.14757e+07 6.4276e+07 6.01767e+07
4.655 6.00937e+07 6.04084e+07 6.37073e+07 5.97401e+07
4.66 6.04229e+07 5.95981e+07 6.31587e+07 5.97974e+07
4.665 6.10646e+07 5.91771e+07 6.27318e+07 6.03881e+07
4.67 6.19249e+07 5.92268e+07 6.25113e+07 6.14772e+07
4.675 6.28795e+07 5.97634e+07 6.255e+07 6.29548e+07
4.68 6.3792e+07 6.07318e+07 6.28576e+07 6.46462e+07
4.685 6.4534e+07 6.20109e+07 6.33953e+07 6.63332e+07
4.69 6.50035e+07 6.34291e+07 6.40788e+07 6.77833e+07
4.695 6.51396e+07 6.47874e+07 6.47887e+07 6.87831e+07
4.7 6.49304e+07 6.58885e+07 6.53886e+07 6.91703e+07
4.705 6.44146e+07 6.6566e+07 6.57482e+07 6.88597e+07
4.71 6.36741e+07 6.6711e+07 6.57673e+07 6.78589e+07
4.715 6.28222e+07 6.62899e+07 6.53974e+07 6.62712e+07
4.72 6.19862e+07 6.53529e+07 6.46559e+07 6.42843e+07
4.725 6.12894e+07 6.40287e+07 6.36303e+07 6.21465e+07
4.73 6.08335e+07 6.25086e+07 6.24689e+07 6.01332e+07
4.735 6.06857e+07 6.10185e+07 6.13608e+07 5.85095e+07
4.74 6.08702e+07 5.97861e+07 6.05051e+07 5.7492e+07
4.745 6.13663e+07 5.90058e+07 6.00769e+07 5.7219e+07
4.75 6.21133e+07 5.88075e+07 6.01935e+07 5.77295e+07
4.755 6.30192e+07 5.92351e+07 6.08893e+07 5.89578e+07
4.76 6.39742e+07 6.02372e+07 6.21038e+07 6.07424e+07
4.765 6.48653e+07 6.16726e+07 6.36852e+07 6.28487e+07
4.77 6.55908e+07 6.33312e+07 6.54118e+07 6.50019e+07
4.775 6.60725e+07 6.49655e+07 6.70257e+07 6.69257e+07
4.78 6.62646e+07 6.63291e+07 6.82757e+07 6.83805e+07
4.785 6.61579e+07 6.72166e+07 6.89597e+07 6.91964e+07
4.79 6.57801e+07 6.7497e+07 6.89608e+07 6.92945e+07
4.795 6.51904e+07 6.71366e+07 6.82691e+07 6.86963e+07
4.8 6.44712e+07 6.62055e+07 6.69855e+07 6.75172e+07
4.805 6.37171e+07 6.48684e+07 6.53063e+07 6.59481e+07
4.81 6.30214e+07 6.33587e+07 6.34921e+07 6.42255e+07
4.815 6.24649e+07 6.19414e+07 6.18249e+07 6.25972e+07
4.82 6.21044e+07 6.08697e+07 6.05622e+07 6.12868e+07
4.825 6.19667e+07 6.03422e+07 5.98946e+07 6.04623e+07
4.83 6.20452e+07 6.04689e+07 5.99162e+07 6.02148e+07
4.835 6.2303e+07 6.12501e+07 6.06093e+07 6.05474e+07
4.84 6.26797e+07 6.25733e+07 6.18493e+07 6.13774e+07
4.845 6.31017e+07 6.42286e+07 6.34248e+07 6.25508e+07
4.85 6.34951e+07 6.59407e+07 6.50726e+07 6.38663e+07
4.855 6.37975e+07 6.74123e+07 6.65189e+07 6.51059e+07
4.86 6.39685e+07 6.83726e+07 6.75223e+07 6.60675e+07
4.865 6.39947e+07 6.8623e+07 6.79108e+07 6.65948e+07
4.87 6.38904e+07 6.80721e+07 6.76079e+07 6.66006e+07
4.875 6.36931e+07 6.67543e+07 6.66446e+07 6.60798e+07
4.88 6.34531e+07 6.48279e+07 6.5155e+07 6.51105e+07
4.885 6.32229e+07 6.25537e+07 6.33571e+07 6.38429e+07
4.89 6.30442e+07 6.02555e+07 6.15213e+07 6.24762e+07
4.895 6.29391e+07 5.82694e+07 5.99307e+07 6.12286e+07
4.9 6.29049e+07 5.68908e+07 5.88391e+07 6.03034e+07
4.905 6.2915e+07 5.63259e+07 5.84323e+07 5.98564e+07
4.91 6.29248e+07 5.66574e+07 5.87984e+07 5.99708e+07
4.915 6.2883e+07 5.78305e+07 5.99113e+07 6.0642e+07
4.92 6.2744e+07 5.96597e+07 6.16316e+07 6.17776e+07
4.925 6.24802e+07 6.18587e+07 6.37244e+07 6.32106e+07
4.93 6.20906e+07 6.40855e+07 6.5892e+07 6.47252e+07
4.935 6.16041e+07 6.59978e+07 6.78186e+07 6.60918e+07
4.94 6.10764e+07 6.73076e+07 6.92186e+07 6.71037e+07
4.945 6.05813e+07 6.78276e+07 6.98824e+07 6.76116e+07
4.95 6.01971e+07 6.75002e+07 6.97112e+07 6.75472e+07
4.955 5.99928e+07 6.64056e+07 6.87342e+07 6.69347e+07
4.96 6.00143e+07 6.47475e+07 6.71059e+07 6.58855e+07
4.965 6.02763e+07 6.28186e+07 6.50818e+07 6.45786e+07
4.97 6.07593e+07 6.09521e+07 6.29775e+07 6.32295e+07
4.975 6.14129e+07 5.94675e+07 6.11168e+07 6.20533e+07
4.98 6.21655e+07 5.8619e+07 5.97783e+07 6.12287e+07
4.985 6.29366e+07 5.85547e+07 5.91498e+07 6.08692e+07
4.99 6.365e+07 5.92935e+07 5.92985e+07 6.10059e+07
4.995 6.42448e+07 6.07217e+07 6.0162e+07 6.15864e+07
5 6.46826e+07 6.26113e+07 6.15621e+07 6.2487e+07
5.005 6.49494e+07 6.46548e+07 6.32376e+07 6.35378e+07
5.01 6.50521e+07 6.65129e+07 6.48909e+07 6.45542e+07
5.015 6.50126e+07 6.7867e+07 6.62398e+07 6.53701e+07
5.02 6.48597e+07 6.84689e+07 6.7064e+07 6.58647e+07
5.025 6.46225e+07 6.81806e+07 6.72405e+07 6.59814e+07
5.03 6.43263e+07 6.69985e+07 6.67605e+07 6.57323e+07
5.035 6.39919e+07 6.50576e+07 6.57266e+07 6.51919e+07
5.04 6.36382e+07 6.26159e+07 6.43316e+07 6.44785e+07
5.045 6.32854e+07 6.00195e+07 6.28235e+07 6.37299e+07
5.05 6.29586e+07 5.76541e+07 6.14633e+07 6.30772e+07
5.055 6.26888e+07 5.58876e+07 6.04818e+07 6.26213e+07
5.06 6.25095e+07 5.5014e+07 6.00437e+07 6.24177e+07
5.065 6.24509e+07 5.52052e+07 6.02235e+07 6.24694e+07
5.07 6.25312e+07 5.64799e+07 6.09953e+07 6.27313e+07
5.075 6.27482e+07 5.86937e+07 6.22392e+07 6.31228e+07
5.08 6.30732e+07 6.15547e+07 6.37605e+07 6.35456e+07
5.085 6.34515e+07 6.4663e+07 6.53209e+07 6.39047e+07
5.09 6.38074e+07 6.75682e+07 6.66742e+07 6.4126e+07
5.095 6.40571e+07 6.98385e+07 6.76047e+07 6.41697e+07
5.1 6.41246e+07 7.1129e+07 6.796e+07 6.40359e+07
5.105 6.39583e+07 7.12385e+07 6.76755e+07 6.37622e+07
5.11 6.35444e+07 7.01456e+07 6.6786e+07 6.34146e+07
5.115 6.29137e+07 6.80155e+07 6.54225e+07 6.30727e+07
5.12 6.21395e+07 6.51769e+07 6.37943e+07 6.28139e+07
5.125 6.13266e+07 6.20716e+07 6.21576e+07 6.26984e+07
5.13 6.05928e+07 5.91831e+07 6.07759e+07 6.27579e+07
5.135 6.00485e+07 5.69591e+07 5.98771e+07 6.29903e+07
5.14 5.97768e+07 5.57378e+07 5.96149e+07 6.33613e+07
5.145 5.98194e+07 5.56933e+07 6.00412e+07 6.38113e+07
5.15 6.01713e+07 5.68075e+07 6.10936e+07 6.42667e+07
5.155 6.07847e+07 5.88762e+07 6.26031e+07 6.46532e+07
5.16 6.15805e+07 6.15442e+07 6.43201e+07 6.49082e+07
5.165 6.24651e+07 6.43677e+07 6.59548e+07 6.49909e+07
5.17 6.33465e+07 6.68885e+07 6.72259e+07 6.48868e+07
5.175 6.41481e+07 6.87102e+07 6.79097e+07 6.46088e+07
5.18 6.48152e+07 6.9561e+07 6.78784e+07 6.4193e+07
5.185 6.53153e+07 6.93348e+07 6.71233e+07 6.36915e+07
5.19 6.56331e+07 6.81022e+07 6.57572e+07 6.3164e+07
5.195 6.57625e+07 6.60923e+07 6.39948e+07 6.26693e+07
5.2 6.57004e+07 6.3649e+07 6.21167e+07 6.22592e+07
5.205 6.54444e+07 6.11705e+07 6.04219e+07 6.19734e+07
5.21 6.49952e+07 5.90429e+07 5.91781e+07 6.18381e+07
5.215 6.43644e+07 5.7579e+07 5.85793e+07 6.1865e+07
5.22 6.35833e+07 5.6973e+07 5.87158e+07 6.20527e+07
5.225 6.27102e+07 5.72757e+07 5.95635e+07 6.2387e+07
5.23 6.18312e+07 5.83947e+07 6.09917e+07 6.28418e+07
5.235 6.10531e+07 6.01165e+07 6.27868e+07 6.33803e+07
5.24 6.04876e+07 6.21467e+07 6.46887e+07 6.39561e+07
5.245 6.02301e+07 6.4159e+07 6.64302e+07 6.45155e+07
5.25 6.03368e+07 6.58476e+07 6.77765e+07 6.50023e+07
5.255 6.08078e+07 6.69722e+07 6.85558e+07 6.53634e+07
5.26 6.15798e+07 6.73909e+07 6.86801e+07 6.55565e+07
5.265 6.25321e+07 6.70769e+07 6.81524e+07 6.55571e+07
5.27 6.35067e+07 6.61171e+07 6.70618e+07 6.53646e+07
5.275 6.4338e+07 6.46938e+07 6.55688e+07 6.50043e+07
5.28 6.48859e+07 6.30539e+07 6.38817e+07 6.45254e+07
5.285 6.50654e+07 6.14688e+07 6.2229e+07 6.39943e+07
5.29 6.48646e+07 6.01924e+07 6.08301e+07 6.34838e+07
5.295 6.43471e+07 5.94226e+07 5.98677e+07 6.30608e+07
5.3 6.36374e+07 5.92715e+07 5.94648e+07 6.27751e+07
5.305 6.28931e+07 5.97495e+07 5.96681e+07 6.26501e+07
5.31 6.22694e+07 6.07642e+07 6.0442e+07 6.26811e+07
5.315 6.18853e+07 6.21354e+07 6.16717e+07 6.28377e+07
5.32 6.17987e+07 6.36242e+07 6.31784e+07 6.30732e+07
5.325 6.19969e+07 6.49718e+07 6.4744e+07 6.33359e+07
5.33 6.24031e+07 6.59415e+07 6.61422e+07 6.35819e+07
5.335 6.28986e+07 6.63588e+07 6.7173e+07 6.37841e+07
5.34 6.33529e+07 6.61421e+07 6.76933e+07 6.39361e+07
5.345 6.36553e+07 6.53181e+07 6.76406e+07 6.40502e+07
5.35 6.37398e+07 6.40204e+07 6.70424e+07 6.41486e+07
5.355 6.35968e+07 6.24695e+07 6.60124e+07 6.42526e+07
5.36 6.32717e+07 6.09367e+07 6.47303e+07 6.43708e+07
5.365 6.28491e+07 5.96998e+07 6.3411e+07 6.44915e+07
5.37 6.24292e+07 5.8994e+07 6.22672e+07 6.45812e+07
5.375 6.21032e+07 5.89705e+07 6.14728e+07 6.45911e+07
5.38 6.1933e+07 5.96669e+07 6.1134e+07 6.44693e+07
5.385 6.19406e+07 6.09975e+07 6.12734e+07 6.41772e+07
5.39 6.21087e+07 6.27636e+07 6.18295e+07 6.37055e+07
5.395 6.23914e+07 6.46846e+07 6.26722e+07 6.3084e+07
5.4 6.27295e+07 6.64439e+07 6.36298e+07 6.23842e+07
5.405 6.30672e+07 6.77415e+07 6.4522e+07 6.17111e+07
5.41 6.33637e+07 6.83459e+07 6.51932e+07 6.11856e+07
5.415 6.35979e+07 6.81348e+07 6.55381e+07 6.09209e+07
5.42 6.37653e+07 6.71179e+07 6.55162e+07 6.09983e+07
5.425 6.38706e+07 6.54374e+07 6.51542e+07 6.14468e+07
5.43 6.39179e+07 6.33466e+07 6.45345e+07 6.22325e+07
5.435 6.39049e+07 6.11681e+07 6.37757e+07 6.32601e+07
5.44 6.38218e+07 5.92418e+07 6.30091e+07 6.43868e+07
5.445 6.36572e+07 5.78682e+07 6.23552e+07 6.54469e+07
5.45 6.34073e+07 5.72595e+07 6.1906e+07 6.62805e+07
5.455 6.30869e+07 5.75046e+07 6.17144e+07 6.67629e+07
5.46 6.27351e+07 5.85559e+07 6.17922e+07 6.68263e+07
5.465 6.24145e+07 6.02378e+07 6.21144e+07 6.64713e+07
5.47 6.21999e+07 6.22772e+07 6.26289e+07 6.5765e+07
5.475 6.21614e+07 6.43493e+07 6.32675e+07 6.48271e+07
5.48 6.23429e+07 6.61307e+07 6.39559e+07 6.38065e+07
5.485 6.27439e+07 6.73518e+07 6.46218e+07 6.2854e+07
5.49 6.33102e+07 6.78383e+07 6.51997e+07 6.20963e+07
5.495 6.39371e+07 6.75367e+07 6.56341e+07 6.16166e+07
5.5 6.44868e+07 6.65187e+07 6.58811e+07 6.14441e+07
5.505 6.48165e+07 6.49654e+07 6.59097e+07 6.15551e+07
5.51 6.48121e+07 6.31347e+07 6.57046e+07 6.18832e+07
5.515 6.44176e+07 6.13167e+07 6.52693e+07 6.23366e+07
5.52 6.36552e+07 5.97875e+07 6.46295e+07 6.28178e+07
5.525 6.26277e+07 5.87656e+07 6.38347e+07 6.32426e+07
5.53 6.15027e+07 5.8381e+07 6.29584e+07 6.35536e+07
5.535 6.0482e+07 5.86597e+07 6.20926e+07 6.37279e+07
5.54 5.97606e+07 5.9525e+07 6.13406e+07 6.37765e+07
5.545 5.94861e+07 6.08158e+07 6.08038e+07 6.3738e+07
5.55 5.97265e+07 6.23158e+07 6.05687e+07 6.36676e+07
5.555 6.0455e+07 6.37909e+07 6.06923e+07 6.36238e+07
5.56 6.15537e+07 6.50256e+07 6.1191e+07 6.36568e+07
5.565 6.28362e+07 6.58546e+07 6.20339e+07 6.37974e+07
5.57 6.40844e+07 6.6185e+07 6.31429e+07 6.40522e+07
5.575 6.50902e+07 6.6005e+07 6.43991e+07 6.44012e+07
5.58 6.56946e+07 6.53801e+07 6.56563e+07 6.48008e+07
5.585 6.58148e+07 6.44383e+07 6.67588e+07 6.51905e+07
5.59 6.54555e+07 6.33463e+07 6.75622e+07 6.55018e+07
5.595 6.47036e+07 6.22819e+07 6.79535e+07 6.56684e+07
5.6 6.37065e+07 6.14067e+07 6.78678e+07 6.56373e+07
5.605 6.26426e+07 6.08426e+07 6.72994e+07 6.53777e+07
5.61 6.16881e+07 6.06556e+07 6.63044e+07 6.48877e+07
5.615 6.09879e+07 6.08495e+07 6.49961e+07 6.41977e+07
5.62 6.06353e+07 6.13677e+07 6.35306e+07 6.33692e+07
5.625 6.06625e+07 6.21054e+07 6.2088e+07 6.24892e+07
5.63 6.10422e+07 6.29273e+07 6.08479e+07 6.16607e+07
5.635 6.16975e+07 6.369e+07 5.99658e+07 6.09892e+07
5.64 6.2518e+07 6.42649e+07 5.95515e+07 6.05689e+07
5.645 6.33776e+07 6.45585e+07 5.96534e+07 6.04682e+07
5.65 6.41513e+07 6.45267e+07 6.02524e+07 6.07185e+07
5.655 6.47306e+07 6.4182e+07 6.12634e+07 6.13073e+07
5.66 6.50349e+07 6.35911e+07 6.25474e+07 6.21776e+07
5.665 6.50203e+07 6.28641e+07 6.39311e+07 6.3233e+07
5.67 6.46844e+07 6.21362e+07 6.52307e+07 6.43496e+07
5.675 6.40687e+07 6.15452e+07 6.62776e+07 6.53921e+07
5.68 6.32555e+07 6.12072e+07 6.69415e+07 6.62317e+07
5.685 6.23608e+07 6.11964e+07 6.7148e+07 6.67636e+07
5.69 6.15213e+07 6.15301e+07 6.68878e+07 6.69221e+07
5.695 6.08768e+07 6.21643e+07 6.62168e+07 6.66893e+07
5.7 6.05487e+07 6.29988e+07 6.52471e+07 6.60972e+07
5.705 6.06185e+07 6.38929e+07 6.41295e+07 6.52232e+07
5.71 6.111e+07 6.46884e+07 6.3032e+07 6.4179e+07
5.715 6.19785e+07 6.52372e+07 6.21151e+07 6.30945e+07
5.72 6.31111e+07 6.54276e+07 6.1509e+07 6.21e+07
5.725 6.43397e+07 6.52052e+07 6.12952e+07 6.13092e+07
5.73 6.54648e+07 6.45848e+07 6.14948e+07 6.08043e+07
5.735 6.6288e+07 6.365e+07 6.20658e+07 6.06273e+07
5.74 6.66474e+07 6.25408e+07 6.29091e+07 6.07772e+07
5.745 6.64487e+07 6.1432e+07 6.38828e+07 6.12129e+07
5.75 6.56871e+07 6.05035e+07 6.48236e+07 6.18629e+07
5.755 6.44535e+07 5.99108e+07 6.55718e+07 6.26375e+07
5.76 6.29244e+07 5.97584e+07 6.59962e+07 6.34429e+07
5.765 6.13358e+07 6.00822e+07 6.60164e+07 6.41945e+07
5.77 5.99445e+07 6.08432e+07 6.56175e+07 6.48269e+07
5.775 5.89848e+07 6.19342e+07 6.4856e+07 6.52997e+07
5.78 5.86279e+07 6.31972e+07 6.38534e+07 6.55987e+07
5.785 5.89501e+07 6.44496e+07 6.27797e+07 6.57315e+07
5.79 5.99177e+07 6.55133e+07 6.18273e+07 6.57214e+07
5.795 6.13902e+07 6.62418e+07 6.11794e+07 6.55986e+07
5.8 6.31423e+07 6.65423e+07 6.09782e+07 6.53931e+07
5.805 6.48997e+07 6.63868e+07 6.12974e+07 6.51283e+07
5.81 6.63846e+07 6.58136e+07 6.21253e+07 6.48195e+07
5.815 6.7361e+07 6.49172e+07 6.33606e+07 6.4474e+07
5.82 6.76739e+07 6.38315e+07 6.48244e+07 6.40956e+07
5.825 6.72744e+07 6.27071e+07 6.62856e+07 6.36888e+07
5.83 6.62271e+07 6.16891e+07 6.74968e+07 6.32641e+07
5.835 6.46989e+07 6.08969e+07 6.8236e+07 6.2841e+07
5.84 6.29311e+07 6.0411e+07 6.83449e+07 6.24479e+07
5.845 6.12001e+07 6.02659e+07 6.77587e+07 6.21198e+07
5.85 5.97724e+07 6.0451e+07 6.65222e+07 6.18921e+07
5.855 5.88627e+07 6.09172e+07 6.47864e+07 6.17948e+07
5.86 5.86009e+07 6.15877e+07 6.27885e+07 6.18452e+07
5.865 5.90141e+07 6.23709e+07 6.08167e+07 6.20434e+07
5.87 6.00248e+07 6.31722e+07 5.91649e+07 6.23707e+07
5.875 6.14658e+07 6.39054e+07 5.80861e+07 6.27917e+07
5.88 6.31094e+07 6.44991e+07 5.77518e+07 6.32589e+07
5.885 6.47036e+07 6.49027e+07 5.82236e+07 6.37205e+07
5.89 6.60116e+07 6.50873e+07 5.94427e+07 6.4128e+07
5.895 6.68466e+07 6.50461e+07 6.12383e+07 6.44435e+07
5.9 6.70975e+07 6.47928e+07 6.33541e+07 6.46444e+07
5.905 6.67416e+07 6.4359e+07 6.54881e+07 6.47248e+07
5.91 6.58444e+07 6.37906e+07 6.73388e+07 6.46943e+07
5.915 6.4546e+07 6.31441e+07 6.86511e+07 6.45736e+07
5.92 6.30377e+07 6.24817e+07 6.92543e+07 6.43895e+07
5.925 6.15332e+07 6.18658e+07 6.90856e+07 6.41694e+07
5.93 6.02386e+07 6.13533e+07 6.81969e+07 6.3937e+07
5.935 5.93243e+07 6.09899e+07 6.67438e+07 6.37101e+07
5.94 5.89044e+07 6.08049e+07 6.49585e+07 6.35011e+07
5.945 5.90232e+07 6.08084e+07 6.31123e+07 6.33179e+07
5.95 5.96521e+07 6.09899e+07 6.14733e+07 6.3167e+07
5.955 6.06949e+07 6.13204e+07 6.0266e+07 6.30558e+07
5.96 6.20024e+07 6.1756e+07 5.9639e+07 6.2994e+07
5.965 6.33926e+07 6.22449e+07 5.96464e+07 6.29932e+07
5.97 6.46752e+07 6.27344e+07 6.02435e+07 6.30648e+07
5.975 6.56779e+07 6.3178e+07 6.12991e+07 6.32168e+07
5.98 6.62693e+07 6.35411e+07 6.262e+07 6.34502e+07
5.985 6.63786e+07 6.38046e+07 6.39846e+07 6.37554e+07
5.99 6.60059e+07 6.39651e+07 6.51795e+07 6.41108e+07
5.995 6.52227e+07 6.4033e+07 6.60329e+07 6.44831e+07
6 6.41626e+07 6.40273e+07 6.64403e+07 6.48304e+07
6.005 6.30003e+07 6.3971e+07 6.63783e+07 6.5107e+07
6.01 6.19247e+07 6.38848e+07 6.59036e+07 6.52694e+07
6.015 6.11074e+07 6.37832e+07 6.51402e+07 6.52831e+07
6.02 6.06739e+07 6.36728e+07 6.42545e+07 6.51285e+07
6.025 6.06808e+07 6.3552e+07 6.3425e+07 6.48049e+07
6.03 6.11057e+07 6.34142e+07 6.28098e+07 6.43321e+07
6.035 6.18505e+07 6.32514e+07 6.25194e+07 6.37495e+07
6.04 6.27588e+07 6.30586e+07 6.25974e+07 6.31126e+07
6.045 6.36453e+07 6.28377e+07 6.30141e+07 6.2487e+07
6.05 6.43305e+07 6.25994e+07 6.36718e+07 6.19416e+07
6.055 6.4676e+07 6.23626e+07 6.44234e+07 6.15407e+07
6.06 6.46117e+07 6.21522e+07 6.50995e+07 6.13363e+07
6.065 6.41505e+07 6.19946e+07 6.55396e+07 6.1362e+07
6.07 6.33866e+07 6.19127e+07 6.56222e+07 6.16282e+07
6.075 6.2478e+07 6.19212e+07 6.52894e+07 6.21194e+07
6.08 6.16154e+07 6.20226e+07 6.45603e+07 6.27947e+07
6.085 6.09856e+07 6.22067e+07 6.35312e+07 6.35903e+07
6.09 6.07335e+07 6.24511e+07 6.23625e+07 6.44249e+07
6.095 6.09333e+07 6.27249e+07 6.12535e+07 6.52079e+07
6.1 6.15727e+07 6.29941e+07 6.04095e+07 6.58484e+07
6.105 6.25538e+07 6.32269e+07 6.0006e+07 6.62663e+07
6.11 6.37099e+07 6.3399e+07 6.01565e+07 6.64024e+07
6.115 6.48365e+07 6.34972e+07 6.08892e+07 6.62272e+07
6.12 6.57277e+07 6.35208e+07 6.21375e+07 6.57474e+07
6.125 6.62144e+07 6.34803e+07 6.37452e+07 6.5008e+07
6.13 6.61941e+07 6.33948e+07 6.54881e+07 6.4089e+07
6.135 6.56494e+07 6.32867e+07 6.71071e+07 6.3098e+07
6.14 6.46513e+07 6.31776e+07 6.83488e+07 6.21573e+07
6.145 6.33467e+07 6.30834e+07 6.90066e+07 6.13879e+07
6.15 6.19341e+07 6.30124e+07 6.89559e+07 6.08924e+07
6.155 6.06306e+07 6.29644e+07 6.81768e+07 6.07392e+07
6.16 5.96372e+07 6.29324e+07 6.67599e+07 6.09508e+07
6.165 5.91074e+07 6.29054e+07 6.48957e+07 6.14984e+07
6.17 5.91243e+07 6.28728e+07 6.2846e+07 6.2305e+07
6.175 5.96887e+07 6.28275e+07 6.09049e+07 6.32557e+07
6.18 6.0721e+07 6.27693e+07 5.93531e+07 6.42157e+07
6.185 6.20739e+07 6.27048e+07 5.84152e+07 6.50519e+07
6.19 6.35553e+07 6.26474e+07 5.82246e+07 6.56549e+07
6.195 6.49562e+07 6.26133e+07 5.88041e+07 6.59576e+07
6.2 6.60811e+07 6.26187e+07 6.00628e+07 6.59465e+07
6.205 6.67751e+07 6.26749e+07 6.18122e+07 6.56628e+07
6.21 6.69449e+07 6.27851e+07 6.37957e+07 6.51939e+07
6.215 6.65709e+07 6.29431e+07 6.57293e+07 6.46548e+07
6.22 6.57094e+07 6.31328e+07 6.73444e+07 6.41647e+07
6.225 6.44835e+07 6.33309e+07 6.84279e+07 6.38222e+07
6.23 6.30661e+07 6.35106e+07 6.88514e+07 6.36839e+07
6.235 6.16549e+07 6.36461e+07 6.85872e+07 6.37522e+07
6.24 6.04452e+07 6.37167e+07 6.77081e+07 6.39746e+07
6.245 5.96023e+07 6.37104e+07 6.63718e+07 6.42541e+07
6.25 5.92378e+07 6.36253e+07 6.47932e+07 6.44708e+07
6.255 5.93945e+07 6.34696e+07 6.32102e+07 6.45088e+07
6.26 6.00396e+07 6.32594e+07 6.18463e+07 6.42838e+07
6.265 6.10701e+07 6.3016e+07 6.0879e+07 6.37655e+07
6.27 6.2328e+07 6.27623e+07 6.04153e+07 6.2989e+07
6.275 6.36236e+07 6.25204e+07 6.04803e+07 6.20538e+07
6.28 6.47651e+07 6.23091e+07 6.10176e+07 6.11087e+07
6.285 6.55875e+07 6.21437e+07 6.19031e+07 6.03254e+07
6.29 6.59787e+07 6.2036e+07 6.29678e+07 5.98668e+07
6.295 6.58976e+07 6.19945e+07 6.4026e+07 5.98549e+07
6.3 6.53804e+07 6.20257e+07 6.49057e+07 6.03448e+07
6.305 6.45348e+07 6.21332e+07 6.54746e+07 6.13113e+07
6.31 6.35225e+07 6.23168e+07 6.56594e+07 6.26484e+07
6.315 6.25316e+07 6.25705e+07 6.54544e+07 6.41854e+07
6.32 6.17439e+07 6.28803e+07 6.492e+07 6.57126e+07
6.325 6.1303e+07 6.32226e+07 6.41697e+07 6.70161e+07
6.33 6.12879e+07 6.35644e+07 6.33495e+07 6.79117e+07
6.335 6.16975e+07 6.38652e+07 6.26121e+07 6.82744e+07
6.34 6.24492e+07 6.4082e+07 6.20911e+07 6.80574e+07
6.345 6.33923e+07 6.41758e+07 6.18785e+07 6.72979e+07
6.35 6.43343e+07 6.41195e+07 6.20095e+07 6.61087e+07
6.355 6.50755e+07 6.39043e+07 6.24574e+07 6.46594e+07
6.36 6.5447e+07 6.3545e+07 6.31391e+07 6.31485e+07
6.365 6.53427e+07 6.30802e+07 6.39298e+07 6.17732e+07
6.37 6.47422e+07 6.25695e+07 6.46852e+07 6.07019e+07
6.375 6.37171e+07 6.20847e+07 6.52668e+07 6.00521e+07
6.38 6.2421e+07 6.16994e+07 6.55665e+07 5.98781e+07
6.385 6.10646e+07 6.14759e+07 6.55253e+07 6.01687e+07
6.39 5.98785e+07 6.14541e+07 6.5145e+07 6.08541e+07
6.395 5.90727e+07 6.16436e+07 6.44877e+07 6.18202e+07
6.4 5.87994e+07 6.20204e+07 6.36665e+07 6.29276e+07
6.405 5.91248e+07 6.25309e+07 6.28268e+07 6.40314e+07
6.41 6.00174e+07 6.30999e+07 6.21212e+07 6.50003e+07
6.415 6.1353e+07 6.36432e+07 6.16843e+07 6.57309e+07
6.42 6.29353e+07 6.40823e+07 6.16086e+07 6.61582e+07
6.425 6.45291e+07 6.43569e+07 6.19284e+07 6.62595e+07
6.43 6.58987e+07 6.44341e+07 6.26122e+07 6.60534e+07
6.435 6.68454e+07 6.4313e+07 6.35668e+07 6.55942e+07
6.44 6.72372e+07 6.4022e+07 6.46509e+07 6.4962e+07
6.445 6.7026e+07 6.36125e+07 6.56974e+07 6.42516e+07
6.45 6.6252e+07 6.31481e+07 6.65398e+07 6.35591e+07
6.455 6.5033e+07 6.26929e+07 6.70393e+07 6.29698e+07
6.46 6.3544e+07 6.23012e+07 6.71076e+07 6.25479e+07
6.465 6.19906e+07 6.20104e+07 6.67213e+07 6.23287e+07
6.47 6.05798e+07 6.18379e+07 6.59269e+07 6.23156e+07
6.475 5.94936e+07 6.17824e+07 6.48342e+07 6.24807e+07
6.48 5.88677e+07 6.18286e+07 6.35987e+07 6.27714e+07
6.485 5.87778e+07 6.19538e+07 6.23981e+07 6.31197e+07
6.49 5.92326e+07 6.21337e+07 6.14041e+07 6.34545e+07
6.495 6.01744e+07 6.23478e+07 6.07557e+07 6.37147e+07
6.5 6.14871e+07 6.25815e+07 6.05379e+07 6.38606e+07
6.505 6.3008e+07 6.28255e+07 6.07693e+07 6.3881e+07
6.51 6.45465e+07 6.30736e+07 6.14008e+07 6.37955e+07
6.515 6.59049e+07 6.33194e+07 6.2325e+07 6.36502e+07
6.52 6.69023e+07 6.35529e+07 6.33948e+07 6.35079e+07
6.525 6.73983e+07 6.37592e+07 6.44484e+07 6.34337e+07
6.53 6.73138e+07 6.39191e+07 6.5335e+07 6.348e+07
6.535 6.66459e+07 6.40115e+07 6.59388e+07 6.36722e+07
6.54 6.5473e+07 6.40175e+07 6.6195e+07 6.39997e+07
6.545 6.39486e+07 6.39248e+07 6.60973e+07 6.44145e+07
6.55 6.22829e+07 6.37315e+07 6.56952e+07 6.48374e+07
6.555 6.07134e+07 6.34481e+07 6.50811e+07 6.51724e+07
6.56 5.94691e+07 6.30972e+07 6.43722e+07 6.53262e+07
6.565 5.87339e+07 6.27115e+07 6.36885e+07 6.52295e+07
6.57 5.86158e+07 6.23294e+07 6.31319e+07 6.48551e+07
6.575 5.91274e+07 6.19904e+07 6.27705e+07 6.42295e+07
6.58 6.01827e+07 6.17297e+07 6.26297e+07 6.34336e+07
6.585 6.16117e+07 6.15748e+07 6.26919e+07 6.25923e+07
6.59 6.31889e+07 6.15424e+07 6.29041e+07 6.18539e+07
6.595 6.46728e+07 6.16369e+07 6.31915e+07 6.13626e+07
6.6 6.58476e+07 6.18508e+07 6.34742e+07 6.12286e+07
6.605 6.65584e+07 6.21654e+07 6.36833e+07 6.15036e+07
6.61 6.67356e+07 6.25522e+07 6.37746e+07 6.21656e+07
6.615 6.64014e+07 6.29752e+07 6.37356e+07 6.31171e+07
6.62 6.56594e+07 6.33929e+07 6.35865e+07 6.41994e+07
6.625 6.46691e+07 6.3762e+07 6.33749e+07 6.52196e+07
6.63 6.3612e+07 6.40408e+07 6.31645e+07 6.5986e+07
6.635 6.26559e+07 6.4194e+07 6.30219e+07 6.63464e+07
6.64 6.19253e+07 6.41981e+07 6.30025e+07 6.62199e+07
6.645 6.14829e+07 6.40461e+07 6.31388e+07 6.56169e+07
6.65 6.13261e+07 6.37514e+07 6.34332e+07 6.46406e+07
6.655 6.13966e+07 6.33493e+07 6.38562e+07 6.3472e+07
6.66 6.16017e+07 6.28944e+07 6.43505e+07 6.23368e+07
6.665 6.18397e+07 6.24553e+07 6.48401e+07 6.14628e+07
6.67 6.20249e+07 6.21046e+07 6.52422e+07 6.1035e+07
6.675 6.21063e+07 6.19074e+07 6.54815e+07 6.11575e+07
6.68 6.20762e+07 6.19084e+07 6.5503e+07 6.18291e+07
6.685 6.19679e+07 6.21215e+07 6.52815e+07 6.294e+07
6.69 6.18444e+07 6.25238e+07 6.4828e+07 6.42886e+07
6.695 6.17805e+07 6.30552e+07 6.41889e+07 6.56175e+07
6.7 6.1844e+07 6.3626e+07 6.34417e+07 6.66609e+07
6.705 6.20792e+07 6.41303e+07 6.26844e+07 6.71957e+07
6.71 6.24962e+07 6.44646e+07 6.20227e+07 6.70846e+07
6.715 6.30685e+07 6.45479e+07 6.15551e+07 6.63054e+07
6.72 6.37372e+07 6.43391e+07 6.13584e+07 6.49584e+07
6.725 6.44212e+07 6.38487e+07 6.14759e+07 6.32511e+07
6.73 6.50315e+07 6.31415e+07 6.19098e+07 6.14633e+07
6.735 6.5484e+07 6.23293e+07 6.26185e+07 5.98987e+07
6.74 6.57125e+07 6.15534e+07 6.35203e+07 5.88314e+07
6.745 6.56765e+07 6.09606e+07 6.45026e+07 5.84578e+07
6.75 6.53658e+07 6.06757e+07 6.54357e+07 5.88622e+07
6.755 6.48009e+07 6.07768e+07 6.61899e+07 6.00016e+07
6.76 6.40306e+07 6.12772e+07 6.66538e+07 6.17131e+07
6.765 6.31272e+07 6.21182e+07 6.67505e+07 6.37408e+07
6.77 6.21796e+07 6.31753e+07 6.64507e+07 6.57777e+07
6.775 6.12863e+07 6.42765e+07 6.5779e+07 6.75156e+07
6.78 6.05466e+07 6.52307e+07 6.48137e+07 6.86937e+07
6.785 6.00506e+07 6.5861e+07 6.36785e+07 6.91373e+07
6.79 5.98691e+07 6.60365e+07 6.25265e+07 6.87835e+07
6.795 6.00434e+07 6.5698e+07 6.152e+07 6.76877e+07
6.8 6.05763e+07 6.48714e+07 6.08068e+07 6.60124e+07
6.805 6.14267e+07 6.36666e+07 6.04981e+07 6.40011e+07
6.81 6.25088e+07 6.22617e+07 6.06502e+07 6.19416e+07
6.815 6.36979e+07 6.08754e+07 6.12542e+07 6.01245e+07
6.82 6.48432e+07 5.9731e+07 6.22344e+07 5.88032e+07
6.825 6.57865e+07 5.90195e+07 6.34575e+07 5.81606e+07
6.83 6.6385e+07 5.88674e+07 6.47512e+07 5.82861e+07
6.835 6.65346e+07 5.93154e+07 6.59285e+07 5.91653e+07
6.84 6.619e+07 6.03102e+07 6.68162e+07 6.06831e+07
6.845 6.53767e+07 6.17126e+07 6.72809e+07 6.2639e+07
6.85 6.41931e+07 6.33188e+07 6.725e+07 6.47735e+07
6.855 6.27997e+07 6.48925e+07 6.67238e+07 6.6801e+07
6.86 6.13974e+07 6.62012e+07 6.57756e+07 6.8447e+07
6.865 6.01971e+07 6.70523e+07 6.45412e+07 6.94844e+07
6.87 5.93855e+07 6.73217e+07 6.31992e+07 6.97647e+07
6.875 5.90937e+07 6.69727e+07 6.19436e+07 6.92405e+07
6.88 5.9373e+07 6.606e+07 6.09555e+07 6.79746e+07
6.885 6.0184e+07 6.4721e+07 6.03765e+07 6.61353e+07
6.89 6.14017e+07 6.31544e+07 6.02883e+07 6.39756e+07
6.895 6.28339e+07 6.15906e+07 6.07023e+07 6.17995e+07
6.9 6.42534e+07 6.02575e+07 6.15589e+07 5.99184e+07
6.905 6.54357e+07 5.93476e+07 6.27376e+07 5.86049e+07
6.91 6.61964e+07 5.89903e+07 6.40751e+07 5.80493e+07
6.915 6.64219e+07 5.92335e+07 6.53889e+07 5.83282e+07
6.92 6.60875e+07 6.0037e+07 6.65026e+07 5.93894e+07
6.925 6.52592e+07 6.12782e+07 6.72689e+07 6.10574e+07
6.93 6.40808e+07 6.27698e+07 6.75884e+07 6.30602e+07
6.935 6.27473e+07 6.42859e+07 6.74207e+07 6.50725e+07
6.94 6.14708e+07 6.55954e+07 6.67879e+07 6.677e+07
6.945 6.04452e+07 6.64949e+07 6.57698e+07 6.78838e+07
6.95 5.98159e+07 6.68398e+07 6.44926e+07 6.82471e+07
6.955 5.96601e+07 6.65664e+07 6.31124e+07 6.78238e+07
6.96 5.99795e+07 6.57036e+07 6.17952e+07 6.67141e+07
6.965 6.07063e+07 6.43708e+07 6.06977e+07 6.5136e+07
6.97 6.172e+07 6.27623e+07 5.99483e+07 6.33849e+07
6.975 6.28707e+07 6.11199e+07 5.96328e+07 6.17797e+07
6.98 6.40041e+07 5.96968e+07 5.9785e+07 6.06039e+07
6.985 6.49838e+07 5.87192e+07 6.03832e+07 6.00548e+07
6.99 6.57067e+07 5.83497e+07 6.13537e+07 6.02084e+07
6.995 6.61118e+07 5.86597e+07 6.25798e+07 6.1008e+07
7 6.61803e+07 5.96151e+07 6.39164e+07 6.22776e+07
7.005 6.59304e+07 6.10789e+07 6.52075e+07 6.37576e+07
7.01 6.54087e+07 6.28297e+07 6.63055e+07 6.51563e+07
7.015 6.46807e+07 6.45954e+07 6.70888e+07 6.62049e+07
7.02 6.38218e+07 6.60959e+07 6.74766e+07 6.67084e+07
7.025 6.29114e+07 6.70895e+07 6.74383e+07 6.658e+07
7.03 6.20278e+07 6.74132e+07 6.69959e+07 6.58553e+07
7.035 6.12445e+07 6.70121e+07 6.62199e+07 6.46816e+07
7.04 6.0627e+07 6.59513e+07 6.5219e+07 6.32876e+07
7.045 6.02286e+07 6.4407e+07 6.41245e+07 6.19388e+07
7.05 6.00854e+07 6.26393e+07 6.30723e+07 6.08868e+07
7.055 6.02118e+07 6.09494e+07 6.21853e+07 6.03245e+07
7.06 6.05964e+07 5.96287e+07 6.15576e+07 6.03525e+07
7.065 6.12009e+07 5.89088e+07 6.12441e+07 6.09651e+07
7.07 6.19624e+07 5.89203e+07 6.12557e+07 6.2055e+07
7.075 6.28e+07 5.96684e+07 6.15609e+07 6.34364e+07
7.08 6.36246e+07 6.10305e+07 6.2094e+07 6.48804e+07
7.085 6.43505e+07 6.27755e+07 6.27664e+07 6.61555e+07
7.09 6.49066e+07 6.46027e+07 6.34815e+07 6.70664e+07
7.095 6.52459e+07 6.61931e+07 6.41486e+07 6.74834e+07
7.1 6.53502e+07 6.72652e+07 6.46947e+07 6.73589e+07
7.105 6.52294e+07 6.76239e+07 6.50729e+07 6.67294e+07
7.11 6.4917e+07 6.71957e+07 6.52652e+07 6.57042e+07
7.115 6.4462e+07 6.60414e+07 6.52809e+07 6.44431e+07
7.12 6.39187e+07 6.43468e+07 6.51508e+07 6.31293e+07
7.125 6.3339e+07 6.23907e+07 6.49184e+07 6.19416e+07
7.13 6.27662e+07 6.0497e+07 6.46306e+07 6.10294e+07
7.135 6.22334e+07 5.89792e+07 6.43294e+07 6.04957e+07
7.14 6.1765e+07 5.80867e+07 6.40452e+07 6.0387e+07
7.145 6.13807e+07 5.79632e+07 6.37944e+07 6.06918e+07
7.15 6.11002e+07 5.86234e+07 6.35801e+07 6.1347e+07
7.155 6.09459e+07 5.99522e+07 6.33954e+07 6.22491e+07
7.16 6.09429e+07 6.17264e+07 6.32291e+07 6.3269e+07
7.165 6.11148e+07 6.36535e+07 6.30721e+07 6.42694e+07
7.17 6.14769e+07 6.54228e+07 6.29221e+07 6.51208e+07
7.175 6.20275e+07 6.67563e+07 6.27866e+07 6.57178e+07
7.18 6.27402e+07 6.74544e+07 6.26834e+07 6.5991e+07
7.185 6.356e+07 6.7426e+07 6.26373e+07 6.59164e+07
7.19 6.44043e+07 6.67e+07 6.26749e+07 6.55184e+07
7.195 6.5171e+07 6.54166e+07 6.28182e+07 6.48675e+07
7.2 6.57517e+07 6.38006e+07 6.3078e+07 6.40721e+07
7.205 6.60493e+07 6.21221e+07 6.34486e+07 6.32628e+07
7.21 6.59965e+07 6.06519e+07 6.39054e+07 6.25742e+07
7.215 6.55705e+07 5.96176e+07 6.44054e+07 6.2123e+07
7.22 6.48026e+07 5.91698e+07 6.48922e+07 6.19884e+07
7.225 6.37778e+07 5.93611e+07 6.53021e+07 6.21963e+07
7.23 6.26261e+07 6.01414e+07 6.55739e+07 6.27122e+07
7.235 6.15043e+07 6.13695e+07 6.56582e+07 6.34438e+07
7.24 6.05721e+07 6.28384e+07 6.5526e+07 6.42542e+07
7.245 5.99663e+07 6.43091e+07 6.51743e+07 6.4984e+07
7.25 5.97781e+07 6.55486e+07 6.46296e+07 6.54799e+07
7.255 6.00368e+07 6.6365e+07 6.39455e+07 6.56233e+07
7.26 6.07037e+07 6.66362e+07 6.3198e+07 6.53548e+07
7.265 6.16772e+07 6.63262e+07 6.2476e+07 6.46891e+07
7.27 6.28094e+07 6.5489e+07 6.18707e+07 6.37166e+07
7.275 6.39288e+07 6.42587e+07 6.14632e+07 6.2592e+07
7.28 6.4869e+07 6.2828e+07 6.13137e+07 6.15085e+07
7.285 6.54944e+07 6.14178e+07 6.14523e+07 6.06653e+07
7.29 6.57214e+07 6.02434e+07 6.18743e+07 6.02315e+07
7.295 6.55304e+07 5.94817e+07 6.25389e+07 6.03142e+07
7.3 6.49662e+07 5.92444e+07 6.3374e+07 6.09372e+07
7.305 6.41286e+07 5.95609e+07 6.42839e+07 6.20332e+07
7.31 6.31537e+07 6.03742e+07 6.51615e+07 6.34534e+07
7.315 6.21906e+07 6.15505e+07 6.59017e+07 6.49906e+07
7.32 6.13772e+07 6.28999e+07 6.64153e+07 6.64131e+07
7.325 6.08193e+07 6.42073e+07 6.66408e+07 6.75033e+07
7.33 6.05771e+07 6.52666e+07 6.65525e+07 6.80936e+07
7.335 6.06589e+07 6.59133e+07 6.61646e+07 6.80933e+07
7.34 6.10249e+07 6.6052e+07 6.55286e+07 6.75022e+07
7.345 6.1597e+07 6.56708e+07 6.47272e+07 6.64092e+07
7.35 6.22749e+07 6.48435e+07 6.38623e+07 6.49758e+07
7.355 6.29524e+07 6.37167e+07 6.30416e+07 6.3409e+07
7.36 6.35345e+07 6.24856e+07 6.23636e+07 6.19284e+07
7.365 6.3949e+07 6.13606e+07 6.19051e+07 6.07325e+07
7.37 6.41552e+07 6.05327e+07 6.1711e+07 5.99717e+07
7.375 6.4146e+07 6.01408e+07 6.17895e+07 5.97291e+07
7.38 6.39456e+07 6.02489e+07 6.21129e+07 6.00141e+07
7.385 6.36038e+07 6.08357e+07 6.26229e+07 6.07668e+07
7.39 6.3187e+07 6.17985e+07 6.32405e+07 6.1871e+07
7.395 6.27691e+07 6.29714e+07 6.38782e+07 6.31745e+07
7.4 6.24212e+07 6.41536e+07 6.44529e+07 6.4511e+07
7.405 6.22029e+07 6.51442e+07 6.48971e+07 6.5721e+07
7.41 6.21549e+07 6.57764e+07 6.51671e+07 6.66697e+07
7.415 6.22932e+07 6.59453e+07 6.52472e+07 6.72591e+07
7.42 6.26064e+07 6.56262e+07 6.51485e+07 6.74354e+07
7.425 6.30559e+07 6.48776e+07 6.49049e+07 6.7191e+07
7.43 6.35796e+07 6.38308e+07 6.45649e+07 6.6562e+07
7.435 6.40994e+07 6.26666e+07 6.41827e+07 6.56226e+07
7.44 6.45318e+07 6.15838e+07 6.38087e+07 6.44774e+07
7.445 6.48e+07 6.07645e+07 6.34824e+07 6.32506e+07
7.45 6.48469e+07 6.03421e+07 6.32276e+07 6.20743e+07
7.455 6.46463e+07 6.03786e+07 6.30513e+07 6.10754e+07
7.46 6.42095e+07 6.08536e+07 6.29451e+07 6.03622e+07
7.465 6.35865e+07 6.16682e+07 6.28902e+07 6.00113e+07
7.47 6.28608e+07 6.26627e+07 6.28636e+07 6.00579e+07
7.475 6.21371e+07 6.36457e+07 6.28439e+07 6.04893e+07
7.48 6.15254e+07 6.44286e+07 6.28174e+07 6.12449e+07
7.485 6.1122e+07 6.486e+07 6.27813e+07 6.22222e+07
7.49 6.09925e+07 6.48546e+07 6.27449e+07 6.32896e+07
7.495 6.11597e+07 6.44091e+07 6.27272e+07 6.43047e+07
7.5 6.15976e+07 6.3605e+07 6.27536e+07 6.51344e+07
7.505 6.22357e+07 6.25946e+07 6.28495e+07 6.56753e+07
7.51 6.29695e+07 6.15742e+07 6.30346e+07 6.58699e+07
7.515 6.36789e+07 6.07488e+07 6.33169e+07 6.57155e+07
7.52 6.42487e+07 6.02935e+07 6.36893e+07 6.52647e+07
7.525 6.45883e+07 6.03205e+07 6.41275e+07 6.46161e+07
7.53 6.46471e+07 6.08562e+07 6.45919e+07 6.38976e+07
7.535 6.44223e+07 6.18336e+07 6.50321e+07 6.32435e+07
7.54 6.39579e+07 6.31015e+07 6.53932e+07 6.27718e+07
7.545 6.33358e+07 6.445e+07 6.56242e+07 6.2563e+07
7.55 6.26595e+07 6.56468e+07 6.56864e+07 6.26465e+07
7.555 6.20362e+07 6.64777e+07 6.55604e+07 6.2996e+07
7.56 6.15573e+07 6.67861e+07 6.52511e+07 6.35349e+07
7.565 6.1285e+07 6.65011e+07 6.47889e+07 6.41509e+07
7.57 6.1243e+07 6.56518e+07 6.42272e+07 6.47168e+07
7.575 6.14163e+07 6.43634e+07 6.36362e+07 6.51142e+07
7.58 6.17572e+07 6.28361e+07 6.30929e+07 6.52555e+07
7.585 6.21968e+07 6.13111e+07 6.26705e+07 6.51e+07
7.59 6.26591e+07 6.00297e+07 6.24268e+07 6.46614e+07
7.595 6.30753e+07 5.91923e+07 6.23944e+07 6.40064e+07
7.6 6.33947e+07 5.89252e+07 6.25753e+07 6.32425e+07
7.605 6.35913e+07 5.92606e+07 6.29389e+07 6.24999e+07
7.61 6.36652e+07 6.01337e+07 6.34264e+07 6.19087e+07
7.615 6.36384e+07 6.13955e+07 6.3959e+07 6.15766e+07
7.62 6.35471e+07 6.28402e+07 6.44505e+07 6.157e+07
7.625 6.34329e+07 6.42405e+07 6.4821e+07 6.19029e+07
7.63 6.33329e+07 6.53857e+07 6.50101e+07 6.25338e+07
7.635 6.3273e+07 6.6114e+07 6.49872e+07 6.33725e+07
7.64 6.32637e+07 6.63367e+07 6.47569e+07 6.42942e+07
7.645 6.32996e+07 6.60473e+07 6.43586e+07 6.51598e+07
7.65 6.33626e+07 6.5318e+07 6.38602e+07 6.58372e+07
7.655 6.34264e+07 6.42835e+07 6.33464e+07 6.62223e+07
7.66 6.34635e+07 6.31156e+07 6.29047e+07 6.62548e+07
7.665 6.34513e+07 6.19948e+07 6.26105e+07 6.59267e+07
7.67 6.33763e+07 6.10821e+07 6.25139e+07 6.52834e+07
7.675 6.32379e+07 6.04965e+07 6.26311e+07 6.44161e+07
7.68 6.30479e+07 6.03008e+07 6.29422e+07 6.34473e+07
7.685 6.2829e+07 6.04973e+07 6.33938e+07 6.25125e+07
7.69 6.26113e+07 6.10317e+07 6.39089e+07 6.17399e+07
7.695 6.2427e+07 6.18058e+07 6.43995e+07 6.1232e+07
7.7 6.23057e+07 6.26944e+07 6.47819e+07 6.10513e+07
7.705 6.22697e+07 6.35646e+07 6.49901e+07 6.1212e+07
7.71 6.233e+07 6.42947e+07 6.49872e+07 6.16797e+07
7.715 6.24846e+07 6.47899e+07 6.47707e+07 6.23775e+07
7.72 6.27181e+07 6.49935e+07 6.43729e+07 6.31985e+07
7.725 6.30032e+07 6.48925e+07 6.38552e+07 6.40227e+07
7.73 6.33041e+07 6.45177e+07 6.32977e+07 6.47349e+07
7.735 6.35808e+07 6.39378e+07 6.27865e+07 6.52418e+07
7.74 6.37946e+07 6.3249e+07 6.24002e+07 6.54857e+07
7.745 6.3913e+07 6.2561e+07 6.21978e+07 6.54519e+07
7.75 6.39151e+07 6.19808e+07 6.22106e+07 6.51698e+07
7.755 6.37945e+07 6.15974e+07 6.24379e+07 6.47071e+07
7.76 6.35616e+07 6.14677e+07 6.28481e+07 6.41577e+07
7.765 6.32422e+07 6.16079e+07 6.33841e+07 6.36252e+07
7.77 6.28758e+07 6.19898e+07 6.39728e+07 6.3206e+07
7.775 6.25101e+07 6.25448e+07 6.45355e+07 6.29716e+07
7.78 6.2195e+07 6.31744e+07 6.49994e+07 6.2957e+07
7.785 6.19756e+07 6.37662e+07 6.53079e+07 6.31536e+07
7.79 6.18859e+07 6.42126e+07 6.54276e+07 6.35111e+07
7.795 6.19429e+07 6.44302e+07 6.53519e+07 6.39457e+07
7.8 6.21435e+07 6.43747e+07 6.51014e+07 6.43556e+07
7.805 6.24641e+07 6.40501e+07 6.47193e+07 6.46402e+07
7.81 6.28627e+07 6.35088e+07 6.42647e+07 6.47191e+07
7.815 6.3284e+07 6.28432e+07 6.38036e+07 6.45496e+07
7.82 6.36671e+07 6.21691e+07 6.33992e+07 6.41368e+07
7.825 6.39537e+07 6.16053e+07 6.3103e+07 6.35359e+07
7.83 6.40968e+07 6.12514e+07 6.29477e+07 6.28447e+07
7.835 6.40679e+07 6.11694e+07 6.29435e+07 6.21885e+07
7.84 6.38622e+07 6.13725e+07 6.30773e+07 6.16976e+07
7.845 6.35003e+07 6.18231e+07 6.3316e+07 6.1484e+07
7.85 6.30261e+07 6.24402e+07 6.36127e+07 6.16188e+07
7.855 6.25018e+07 6.31161e+07 6.3915e+07 6.21167e+07
7.86 6.19996e+07 6.37364e+07 6.41734e+07 6.29293e+07
7.865 6.15919e+07 6.42028e+07 6.43501e+07 6.39498e+07
7.87 6.13411e+07 6.44501e+07 6.44242e+07 6.50284e+07
7.875 6.12906e+07 6.44579e+07 6.43948e+07 6.59951e+07
7.88 6.1459e+07 6.42511e+07 6.42794e+07 6.66883e+07
7.885 6.1836e+07 6.38928e+07 6.41097e+07 6.69818e+07
7.89 6.23843e+07 6.34685e+07 6.39239e+07 6.68072e+07
7.895 6.30431e+07 6.30669e+07 6.37587e+07 6.61667e+07
7.9 6.37363e+07 6.27611e+07 6.36415e+07 6.51351e+07
7.905 6.4381e+07 6.25936e+07 6.35842e+07 6.38494e+07
7.91 6.48981e+07 6.25691e+07 6.35815e+07 6.2488e+07
7.915 6.52208e+07 6.26562e+07 6.36127e+07 6.12443e+07
7.92 6.53031e+07 6.27969e+07 6.36464e+07 6.02963e+07
7.925 6.51244e+07 6.29219e+07 6.36495e+07 5.97807e+07
7.93 6.46925e+07 6.29684e+07 6.35953e+07 5.97718e+07
7.935 6.40436e+07 6.28959e+07 6.34716e+07 6.02715e+07
7.94 6.32393e+07 6.26971e+07 6.32858e+07 6.12097e+07
7.945 6.23619e+07 6.24004e+07 6.30656e+07 6.24558e+07
7.95 6.1507e+07 6.20649e+07 6.2855e+07 6.38383e+07
7.955 6.07747e+07 6.1768e+07 6.27069e+07 6.51701e+07
7.96 6.02589e+07 6.15885e+07 6.26723e+07 6.62754e+07
7.965 6.00367e+07 6.15887e+07 6.27891e+07 6.70142e+07
7.97 6.01572e+07 6.18e+07 6.30726e+07 6.73007e+07
7.975 6.06329e+07 6.2214e+07 6.35099e+07 6.71141e+07
7.98 6.14333e+07 6.27816e+07 6.40585e+07 6.64993e+07
7.985 6.24838e+07 6.34203e+07 6.46513e+07 6.55592e+07
7.99 6.36698e+07 6.40286e+07 6.52055e+07 6.44384e+07
7.995 6.48484e+07 6.45036e+07 6.5636e+07 6.33018e+07
