0.000000000000000000e+00 8.154470724403199553e+07 7.000000000000000000e+07 7.000000000000000000e+07 7.000000000000000000e+07 7.000000000000000000e+07
4.000000000000000083e-03 8.144565169876842201e+07 7.000141584748275578e+07 7.000000000000000000e+07 7.000000000000000000e+07 7.000000000000000000e+07
8.000000000000000167e-03 8.132307008469587564e+07 7.000574328599889576e+07 7.000000000000000000e+07 7.000000000000000000e+07 7.000000000000000000e+07
1.200000000000000025e-02 8.120099273152577877e+07 7.001300880071973801e+07 7.000000000000000000e+07 7.000000000000000000e+07 7.000000000000000000e+07
1.600000000000000033e-02 8.110151012539307773e+07 7.002137813972157240e+07 7.000000000000000000e+07 7.000000000000000000e+07 7.000000000000000000e+07
2.000000000000000042e-02 8.103968540654186904e+07 7.002844743593353033e+07 7.000000000000000000e+07 7.000000000000000000e+07 7.000000000000000000e+07
2.400000000000000050e-02 8.102038629936219752e+07 7.003340997566494346e+07 7.000000000000000000e+07 7.000000000000000000e+07 7.000000000000000000e+07
2.800000000000000058e-02 8.103778398747430742e+07 7.003847116415832937e+07 7.000000000000000000e+07 7.000000000000000000e+07 7.000000000000000000e+07
3.200000000000000067e-02 8.107755297869037092e+07 7.004823145031638443e+07 7.000000000000000000e+07 7.000000000000000000e+07 7.000000000000000000e+07
3.600000000000000422e-02 8.112109935475566983e+07 7.006709668239283562e+07 7.000000000000000000e+07 7.000000000000000000e+07 7.000000000000000000e+07
4.000000000000000083e-02 8.115063424599525332e+07 7.009620531808929145e+07 7.000000000000000000e+07 7.000000000000000000e+07 7.000000000000000000e+07
4.399999999999999745e-02 8.115372763946244121e+07 7.013187773632703722e+07 7.000000000005085766e+07 7.000000000000000000e+07 7.000000000000000000e+07
4.800000000000000100e-02 8.112616571880127490e+07 7.016678928078334033e+07 7.000000000099974871e+07 7.000000000000000000e+07 7.000000000000000000e+07
5.200000000000000455e-02 8.107243274524809420e+07 7.019342577802629769e+07 7.000000001003947854e+07 7.000000000000000000e+07 7.000000000000000000e+07
5.600000000000000117e-02 8.100380344706913829e+07 7.020794384477584064e+07 7.000000006853845716e+07 7.000000000000000000e+07 7.000000000000000000e+07
5.999999999999999778e-02 8.093467980325534940e+07 7.021224446883304417e+07 7.000000035720644891e+07 7.000000000000000000e+07 7.000000000000000000e+07
6.400000000000000133e-02 8.087826230355021358e+07 7.021307118410257995e+07 7.000000151332047582e+07 7.000000000000000000e+07 7.000000000000000000e+07
6.800000000000000488e-02 8.084279183088797331e+07 7.021863341426883638e+07 7.000000541948817670e+07 7.000000000000000000e+07 7.000000000000000000e+07
7.200000000000000844e-02 8.082940188385687768e+07 7.023460627841989696e+07 7.000001684680020809e+07 7.000000000000000000e+07 7.000000000000000000e+07
7.599999999999999811e-02 8.083214150858519971e+07 7.026160308188161254e+07 7.000004633031475544e+07 7.000000000000000000e+07 7.000000000000000000e+07
8.000000000000000167e-02 8.084010086576089263e+07 7.029529186993210018e+07 7.000011433137379587e+07 7.000000000000000000e+07 7.000000000000000000e+07
8.400000000000000522e-02 8.084096682926826179e+07 7.032885041252142191e+07 7.000025595543824136e+07 7.000000000000000000e+07 7.000000000000000000e+07
8.799999999999999489e-02 8.082492401293936372e+07 7.035629464225694537e+07 7.000052434216599166e+07 7.000000000000000000e+07 7.000000000000000000e+07
9.199999999999999845e-02 8.078771807420744002e+07 7.037496524707211554e+07 7.000098983083398640e+07 7.000000000000000000e+07 7.000000000000000000e+07
9.600000000000000200e-02 8.073195131931921840e+07 7.038612755389685929e+07 7.000173199514998496e+07 7.000000000000001490e+07 7.000000000000000000e+07
1.000000000000000056e-01 8.066622284174373746e+07 7.039373823435531557e+07 7.000282345812328160e+07 7.000000000000013411e+07 7.000000000000000000e+07
1.040000000000000091e-01 8.060240005714683235e+07 7.040231259796962142e+07 7.000430812574769557e+07 7.000000000000099838e+07 7.000000000000000000e+07
1.079999999999999988e-01 8.055190325087402761e+07 7.041506909097632766e+07 7.000618088620011508e+07 7.000000000000602007e+07 7.000000000000000000e+07
1.120000000000000023e-01 8.052219744258633256e+07 7.043312874394325912e+07 7.000837844750323892e+07 7.000000000003133714e+07 7.000000000000000000e+07
1.160000000000000059e-01 8.051459973277160525e+07 7.045584277032180130e+07 7.001078923488630354e+07 7.000000000014358759e+07 7.000000000000000000e+07
1.199999999999999956e-01 8.052404837701472640e+07 7.048174247772331536e+07 7.001328320495074987e+07 7.000000000058799982e+07 7.000000000000000000e+07
1.239999999999999991e-01 8.054080837011189759e+07 7.050942989326480031e+07 7.001575224317018688e+07 7.000000000217714906e+07 7.000000000000000000e+07
1.280000000000000027e-01 8.055345738748748600e+07 7.053796171257784963e+07 7.001814364394979179e+07 7.000000000735615194e+07 7.000000000000000000e+07
1.320000000000000062e-01 8.055213669111035764e+07 7.056670762653034925e+07 7.002046877848504484e+07 7.000000002285015583e+07 7.000000000000000000e+07
1.360000000000000098e-01 8.053107653207619488e+07 7.059500515581671894e+07 7.002277907386937737e+07 7.000000006565083563e+07 7.000000000000000000e+07
1.400000000000000133e-01 8.048976269272592664e+07 7.062200283949579298e+07 7.002511854066188633e+07 7.000000017533543706e+07 7.000000000000000000e+07
1.440000000000000169e-01 8.043261794866979122e+07 7.064688143546894193e+07 7.002747741248933971e+07 7.000000043707892299e+07 7.000000000000000000e+07
1.479999999999999927e-01 8.036751386975905299e+07 7.066932785020259023e+07 7.002977494060233235e+07 7.000000102040538192e+07 7.000000000000000000e+07
1.519999999999999962e-01 8.030366115055257082e+07 7.068992023490937054e+07 7.003188624302993715e+07 7.000000223714222014e+07 7.000000000000000000e+07
1.559999999999999998e-01 8.024943456853295863e+07 7.071010184488499165e+07 7.003370337669798732e+07 7.000000461594073474e+07 7.000000000000000000e+07
1.600000000000000033e-01 8.021056041284410655e+07 7.073166119441197813e+07 7.003519820697554946e+07 7.000000897800746560e+07 7.000000000000000000e+07
1.640000000000000069e-01 8.018894423610700667e+07 7.075594468471647799e+07 7.003644923045361042e+07 7.000001647914931178e+07 7.000000000000000000e+07
1.680000000000000104e-01 8.018230625955466926e+07 7.078321107368749380e+07 7.003761269421143830e+07 7.000002856099778414e+07 7.000000000000001490e+07
1.720000000000000140e-01 8.018470254798094928e+07 7.081247864609423280e+07 7.003885190512476861e+07 7.000004673975566030e+07 7.000000000000005960e+07
1.759999999999999898e-01 8.018788442647638917e+07 7.084194928453679383e+07 7.004026747204126418e+07 7.000007217019113898e+07 7.000000000000025332e+07
1.799999999999999933e-01 8.018325982412457466e+07 7.086978065009218454e+07 7.004187507823632658e+07 7.000010497274942696e+07 7.000000000000093877e+07
1.839999999999999969e-01 8.016401678974841535e+07 7.089480604030476511e+07 7.004364964916151762e+07 7.000014340978446603e+07 7.000000000000329316e+07
1.880000000000000004e-01 8.012685581298877299e+07 7.091686656036643684e+07 7.004560954546284676e+07 7.000018312782794237e+07 7.000000000001083314e+07
1.920000000000000040e-01 8.007284318423843384e+07 7.093666762386138737e+07 7.004788029761573672e+07 7.000021680053320527e+07 7.000000000003352761e+07
1.960000000000000075e-01 8.000714616962325573e+07 7.095533772630783916e+07 7.005068024320302904e+07 7.000023454003477097e+07 7.000000000009799004e+07
2.000000000000000111e-01 7.993774500778894126e+07 7.097398883204507828e+07 7.005421487052839994e+07 7.000022532165010273e+07 7.000000000027103722e+07
2.040000000000000147e-01 7.987349356209829450e+07 7.099349730359168351e+07 7.005852928985942900e+07 7.000017935972793400e+07 7.000000000071120262e+07
2.080000000000000182e-01 7.982201911086550355e+07 7.101452082906891406e+07 7.006340897361236811e+07 7.000009093859632313e+07 7.000000000177337229e+07
2.119999999999999940e-01 7.978791111150676012e+07 7.103759301955984533e+07 7.006840584361410141e+07 6.999996080083706975e+07 7.000000000420811772e+07
2.159999999999999976e-01 7.977153139875456691e+07 7.106311167760568857e+07 7.007299952328085899e+07 6.999979704698617756e+07 7.000000000951397419e+07
2.200000000000000011e-01 7.976867354047992826e+07 7.109116439067189395e+07 7.007681857662180066e+07 6.999961379273240268e+07 7.000000002051140368e+07
2.240000000000000047e-01 7.977122569655613601e+07 7.112131103054718673e+07 7.007979810313445330e+07 6.999942758832216263e+07 7.000000004219226539e+07
2.280000000000000082e-01 7.976888328877796233e+07 7.115253041634778678e+07 7.008217598126032948e+07 6.999925261041477323e+07 7.000000008282765746e+07
2.320000000000000118e-01 7.975173106607671082e+07 7.118346688721033931e+07 7.008432344744841754e+07 6.999909644789607823e+07 7.000000015515354276e+07
2.360000000000000153e-01 7.971316737938696146e+07 7.121292470048533380e+07 7.008651292772245407e+07 6.999895842737396061e+07 7.000000027716135979e+07
2.399999999999999911e-01 7.965231165504743159e+07 7.124037954559522867e+07 7.008877641907009482e+07 6.999883158540652692e+07 7.000000047160230577e+07
2.439999999999999947e-01 7.957494130539429188e+07 7.126622922220017016e+07 7.009095930012331903e+07 6.999870777174454927e+07 7.000000076283957064e+07
2.479999999999999982e-01 7.949231893801839650e+07 7.129162739436340332e+07 7.009294694733896852e+07 6.999858364021421969e+07 7.000000116934369504e+07
2.520000000000000018e-01 7.941797639787790179e+07 7.131796531741364300e+07 7.009491189566929638e+07 6.999846438701902330e+07 7.000000169024404883e+07
2.560000000000000053e-01 7.936336554707925022e+07 7.134625548665639758e+07 7.009738739587067068e+07 6.999836274295213819e+07 7.000000228533332050e+07
2.600000000000000089e-01 7.933387778104662895e+07 7.137671900621959567e+07 7.010106213953891397e+07 6.999829291609808803e+07 7.000000285011684895e+07
2.640000000000000124e-01 7.932675041639563441e+07 7.140876258868533373e+07 7.010637028110000491e+07 6.999826200687679648e+07 7.000000319093269110e+07
2.680000000000000160e-01 7.933174538119418919e+07 7.144132401088993251e+07 7.011311190628848970e+07 6.999826337228085101e+07 7.000000300924918056e+07
2.720000000000000195e-01 7.933444425954730809e+07 7.147338530093291402e+07 7.012036849260586500e+07 6.999827616209530830e+07 7.000000190754762292e+07
2.760000000000000231e-01 7.932099932405102253e+07 7.150439400472946465e+07 7.012683417573609948e+07 6.999827247157528996e+07 6.999999942955599725e+07
2.800000000000000266e-01 7.928264435488636792e+07 7.153441199397438765e+07 7.013143561431066692e+07 6.999822939155735075e+07 6.999999514269852638e+07
2.840000000000000302e-01 7.921841026045511663e+07 7.156396909436899424e+07 7.013390950976422429e+07 6.999813990592357516e+07 6.999998875911799073e+07
2.880000000000000338e-01 7.913520834401094913e+07 7.159374218732476234e+07 7.013498723243895173e+07 6.999801624752677977e+07 6.999998027452825010e+07
2.919999999999999818e-01 7.904540410378934443e+07 7.162423887441301346e+07 7.013603735349540412e+07 6.999788273103904724e+07 6.999997008588799834e+07
2.959999999999999853e-01 7.896281840073010325e+07 7.165562555115346611e+07 7.013833561211527884e+07 6.999776083626069129e+07 6.999995903714652359e+07
2.999999999999999889e-01 7.889849573768863082e+07 7.168774398149946332e+07 7.014237566504448652e+07 6.999765432678546011e+07 6.999994834603349864e+07
3.039999999999999925e-01 7.885751303258693218e+07 7.172026892931915820e+07 7.014763854095262289e+07 6.999754328862553835e+07 6.999993939030535519e+07
3.079999999999999960e-01 7.883768173454551399e+07 7.175291371006529033e+07 7.015297875668469071e+07 6.999739188140095770e+07 6.999993337788920105e+07
3.119999999999999996e-01 7.883040842336775362e+07 7.178559515832677484e+07 7.015740495674215257e+07 6.999716703703124821e+07 6.999993098020502925e+07
3.160000000000000031e-01 7.882339075813777745e+07 7.181850190529659390e+07 7.016076829305568337e+07 6.999685845217292011e+07 6.999993205000065267e+07
3.200000000000000067e-01 7.880435003073523939e+07 7.185204554207353294e+07 7.016390301477926970e+07 6.999648831892152131e+07 6.999993554947257042e+07
3.240000000000000102e-01 7.876471848845665157e+07 7.188670496355992556e+07 7.016809301686428487e+07 6.999610413355702162e+07 6.999993976470570266e+07
3.280000000000000138e-01 7.870218073756700754e+07 7.192280568397964537e+07 7.017417308503673971e+07 6.999575741875737906e+07 6.999994278247769177e+07
3.320000000000000173e-01 7.862126378737464547e+07 7.196031043383029103e+07 7.018183829624609649e+07 6.999547993012776971e+07 6.999994308603657782e+07
3.360000000000000209e-01 7.853175391502073407e+07 7.199871970048059523e+07 7.018964442177364230e+07 6.999527135309317708e+07 6.999994003951220214e+07
3.400000000000000244e-01 7.844544148190598190e+07 7.203716410763713717e+07 7.019576979404586554e+07 6.999510641385473311e+07 6.999993402953711152e+07
3.440000000000000280e-01 7.837230050958681107e+07 7.207469987968857586e+07 7.019912019629003108e+07 6.999495765904060006e+07 6.999992614409913123e+07
3.480000000000000315e-01 7.831743331771294773e+07 7.211071437372040749e+07 7.020010373633323610e+07 6.999481972794680297e+07 6.999991746880404651e+07
3.519999999999999796e-01 7.827981883597433567e+07 7.214526534493276477e+07 7.020056076061829925e+07 6.999471855391560495e+07 6.999990829120007157e+07
3.559999999999999831e-01 7.825319153824867308e+07 7.217917369754630327e+07 7.020282769833007455e+07 6.999469700489649177e+07 6.999989761686939001e+07
3.599999999999999867e-01 7.822855008267046511e+07 7.221378549500244856e+07 7.020844765399791300e+07 6.999478299090626836e+07 6.999988332986561954e+07
3.639999999999999902e-01 7.819722118735681474e+07 7.225047528901267052e+07 7.021728023975148797e+07 6.999495844400206208e+07 6.999986306375674903e+07
3.679999999999999938e-01 7.815333075836537778e+07 7.229009694964557886e+07 7.022754780678090453e+07 6.999514967220509052e+07 6.999983548150701821e+07
3.719999999999999973e-01 7.809495162041996419e+07 7.233262413891719282e+07 7.023680581341859698e+07 6.999524895513600111e+07 6.999980136816334724e+07
3.760000000000000009e-01 7.802385273814952374e+07 7.237713905754861236e+07 7.024327475861425698e+07 6.999515926817268133e+07 6.999976390073844790e+07
3.800000000000000044e-01 7.794432143564440310e+07 7.242217178304655850e+07 7.024675883402334154e+07 6.999483923713511229e+07 6.999972775946548581e+07
3.840000000000000080e-01 7.786172352209547162e+07 7.246624680932106078e+07 7.024863329080951214e+07 6.999432332556396723e+07 6.999969729800115526e+07
3.880000000000000115e-01 7.778129117406362295e+07 7.250842542387914658e+07 7.025094815232373774e+07 6.999370517370167375e+07 6.999967454639351368e+07
3.920000000000000151e-01 7.770728017107935250e+07 7.254865657854242623e+07 7.025521948457804322e+07 6.999309304567740858e+07 6.999965806751212478e+07
3.960000000000000187e-01 7.764237775159409642e+07 7.258783026046732068e+07 7.026164082008382678e+07 6.999256299522110820e+07 6.999964341791264713e+07
4.000000000000000222e-01 7.758722411857135594e+07 7.262751870359504223e+07 7.026915709079357982e+07 6.999213698738829792e+07 6.999962522119550407e+07
4.040000000000000258e-01 7.754009268895539641e+07 7.266946762723425031e+07 7.027629453286264837e+07 6.999179789520779252e+07 6.999959997215910256e+07
4.080000000000000293e-01 7.749696634265625477e+07 7.271496562872487307e+07 7.028218053897553682e+07 6.999152968349182606e+07 6.999956813411226869e+07
4.120000000000000329e-01 7.745225546088312566e+07 7.276428022494426370e+07 7.028709853878629208e+07 6.999135372731454670e+07 6.999953425443884730e+07
4.160000000000000364e-01 7.740017158502337337e+07 7.281638196439038217e+07 7.029224533596235514e+07 6.999133272833442688e+07 6.999950474562367797e+07
4.199999999999999845e-01 7.733641953953237832e+07 7.286913641409461200e+07 7.029887508711522818e+07 6.999153324654166400e+07 6.999948426205679774e+07
4.239999999999999880e-01 7.725961914277836680e+07 7.291999531489326060e+07 7.030739610123656690e+07 6.999196557822966576e+07 6.999947255951093137e+07
4.279999999999999916e-01 7.717188524011150002e+07 7.296699328807862103e+07 7.031700199259907007e+07 6.999253854377052188e+07 6.999946373339600861e+07
4.319999999999999951e-01 7.707829400867024064e+07 7.300965915375930071e+07 7.032607256829541922e+07 6.999306368432100117e+07 6.999944862601605058e+07
4.359999999999999987e-01 7.698539491534543037e+07 7.304940905317609012e+07 7.033309992697879672e+07 6.999331788538023829e+07 6.999941944324122369e+07
4.400000000000000022e-01 7.689927782449905574e+07 7.308916823566956818e+07 7.033758039623250067e+07 6.999313893725043535e+07 6.999937416796736419e+07
4.440000000000000058e-01 7.682382382364848256e+07 7.313231160581582785e+07 7.034034612189546227e+07 6.999250527488818765e+07 6.999931812317299843e+07
4.480000000000000093e-01 7.675964401519918442e+07 7.318135123936943710e+07 7.034315398399336636e+07 6.999155444900789857e+07 6.999926135830895603e+07
4.520000000000000129e-01 7.670394704350233078e+07 7.323694446546337008e+07 7.034778302451302111e+07 6.999052540386310220e+07 6.999921285538537800e+07
4.560000000000000164e-01 7.665130716366577148e+07 7.329765782058513165e+07 7.035515534300322831e+07 6.998965164033627510e+07 6.999917462144404650e+07
4.600000000000000200e-01 7.659510957756762207e+07 7.336056795086400211e+07 7.036494890399648249e+07 6.998906178230929375e+07 6.999913925378909707e+07
4.640000000000000235e-01 7.652933089018145204e+07 7.342240021891477704e+07 7.037586538645067811e+07 6.998874233403150737e+07 6.999909298285898566e+07
4.680000000000000271e-01 7.645023823762273788e+07 7.348069721527720988e+07 7.038634835193243623e+07 6.998858302945114672e+07 6.999902316866977513e+07
4.720000000000000306e-01 7.635755735973331332e+07 7.353456154403421283e+07 7.039532966527850926e+07 6.998847621841835976e+07 6.999892638888897002e+07
4.760000000000000342e-01 7.625471476680980623e+07 7.358476690990905464e+07 7.040262034550283849e+07 6.998840678929546475e+07 6.999881236759644747e+07
4.799999999999999822e-01 7.614796011394667625e+07 7.363331815907984972e+07 7.040880443440574408e+07 6.998847097018273175e+07 6.999870086106297374e+07
4.839999999999999858e-01 7.604451916713424027e+07 7.368271659146235883e+07 7.041478054002755880e+07 6.998880348627798259e+07 6.999861246378828585e+07
4.879999999999999893e-01 7.595030976201638579e+07 7.373520282136793435e+07 7.042126034052123129e+07 6.998945146928849816e+07 6.999855802810589969e+07
4.919999999999999929e-01 7.586799587980031967e+07 7.379216333391003311e+07 7.042850116484297812e+07 6.999027515615661442e+07 6.999853271210525930e+07
4.959999999999999964e-01 7.579610575320172310e+07 7.385379543987050653e+07 7.043636663325300813e+07 6.999095117655599117e+07 6.999851849388995767e+07
5.000000000000000000e-01 7.572957216453148425e+07 7.391908159316417575e+07 7.044460096180865169e+07 6.999110050483061373e+07 6.999849425578315556e+07
5.040000000000000036e-01 7.566150419552060962e+07 7.398610412935043871e+07 7.045309314167737961e+07 6.999048684088610113e+07 6.999844788213072717e+07
5.080000000000000071e-01 7.558551330327476561e+07 7.405267339998084307e+07 7.046194890229813755e+07 6.998917703634442389e+07 6.999838311178882420e+07
5.120000000000000107e-01 7.549771801271796227e+07 7.411711991826303303e+07 7.047133938333605230e+07 6.998756032653066516e+07 6.999831650357477367e+07
5.160000000000000142e-01 7.539772801566053927e+07 7.417896853508852422e+07 7.048125362473218143e+07 6.998619283901034296e+07 6.999826562837390602e+07
5.200000000000000178e-01 7.528836452249099314e+07 7.423917679345035553e+07 7.049134906752127409e+07 6.998553386123982072e+07 6.999823522989976406e+07
5.240000000000000213e-01 7.517438546215212345e+07 7.429975740552863479e+07 7.050103245993119478e+07 6.998571290013428032e+07 6.999821007142221928e+07
5.280000000000000249e-01 7.506081922430226207e+07 7.436288719547811151e+07 7.050975405217522383e+07 6.998646341163946688e+07 6.999815990688207746e+07
5.320000000000000284e-01 7.495154433617159724e+07 7.442989056111839414e+07 7.051735361528672278e+07 6.998727301720111072e+07 6.999805500807613134e+07
5.360000000000000320e-01 7.484851793051655591e+07 7.450059907193353772e+07 7.052424667975060642e+07 6.998767472192716599e+07 6.999788395343090594e+07
5.400000000000000355e-01 7.475170827763654292e+07 7.457343540115459263e+07 7.053131666019825637e+07 6.998751253384055197e+07 6.999766315294003487e+07
5.440000000000000391e-01 7.465950929390874505e+07 7.464620858637849987e+07 7.053954112304814160e+07 6.998701839859104156e+07 6.999743164173643291e+07
5.480000000000000426e-01 7.456932297043849528e+07 7.471722978254425526e+07 7.054953494896514714e+07 6.998664307623799145e+07 6.999723304621589184e+07
5.520000000000000462e-01 7.447808785630360246e+07 7.478617730929145217e+07 7.056124881284677982e+07 6.998673513172750175e+07 6.999709447414490581e+07
5.560000000000000497e-01 7.438270891911357641e+07 7.485426502227875590e+07 7.057398353494389355e+07 6.998726787185691297e+07 6.999701449731642008e+07
5.600000000000000533e-01 7.428047659973062575e+07 7.492363367667363584e+07 7.058671215731362998e+07 6.998780149278528988e+07 6.999696748352187872e+07
5.640000000000000568e-01 7.416956623879696429e+07 7.499628937432226539e+07 7.059853818805734813e+07 6.998773260344575346e+07 6.999692183787220716e+07
5.680000000000000604e-01 7.404958811202077568e+07 7.507313610980018973e+07 7.060905354947009683e+07 6.998669977691940963e+07 6.999686096397034824e+07
5.720000000000000639e-01 7.392199930748428404e+07 7.515357790114009380e+07 7.061842827598547935e+07 6.998489523285976052e+07 6.999679350662052631e+07
5.760000000000000675e-01 7.379010708976353705e+07 7.523585341262005270e+07 7.062722183034053445e+07 6.998306289039120078e+07 6.999674555214013159e+07
5.799999999999999600e-01 7.365846679801511765e+07 7.531789283399163187e+07 7.063605726113395393e+07 6.998213867159900069e+07 6.999673866712422669e+07
5.839999999999999636e-01 7.353169885561671853e+07 7.539825194094042480e+07 7.064535587330973148e+07 6.998271289113622904e+07 6.999676723583044112e+07
5.879999999999999671e-01 7.341302611667518318e+07 7.547668852525413036e+07 7.065526454454232752e+07 6.998462858780905604e+07 6.999679033623872697e+07
5.919999999999999707e-01 7.330302955036215484e+07 7.555416756028942764e+07 7.066576953450958431e+07 6.998697922988186777e+07 6.999674566377730668e+07
5.959999999999999742e-01 7.319912771839360893e+07 7.563237301142859459e+07 7.067687171110458672e+07 6.998854842638161778e+07 6.999657989875692129e+07
5.999999999999999778e-01 7.309607603260850906e+07 7.571300905649173260e+07 7.068867349578656256e+07 6.998846675126942992e+07 6.999627918996393681e+07
6.039999999999999813e-01 7.298742616594503820e+07 7.579720583675469458e+07 7.070130768638497591e+07 6.998671045227152109e+07 6.999588188873574138e+07
6.079999999999999849e-01 7.286752255260494351e+07 7.588522583678054810e+07 7.071476365434731543e+07 6.998413682296845317e+07 6.999546485117933154e+07
6.119999999999999885e-01 7.273338614627251029e+07 7.597649410032381117e+07 7.072874997516512871e+07 6.998201346951414645e+07 6.999510955508321524e+07
6.159999999999999920e-01 7.258583534003800154e+07 7.606985227017053962e+07 7.074271731964427233e+07 6.998130276943148673e+07 6.999486619178438187e+07
6.199999999999999956e-01 7.242942277173222601e+07 7.616390969940358400e+07 7.075606181877748668e+07 6.998212186785399914e+07 6.999473545663197339e+07
6.239999999999999991e-01 7.227114586069771647e+07 7.625740744909861684e+07 7.076840668960569799e+07 6.998370596319703758e+07 6.999467763984534144e+07
6.280000000000000027e-01 7.211829290208062530e+07 7.634955584115777910e+07 7.077980020772804320e+07 6.998490392882925272e+07 6.999464255169899762e+07
6.320000000000000062e-01 7.197608689507828653e+07 7.644030418836054206e+07 7.079071064922408760e+07 6.998490775199538469e+07 6.999460137641625106e+07
6.360000000000000098e-01 7.184589037053599954e+07 7.653046029711802304e+07 7.080181615136970580e+07 6.998376449416726828e+07 6.999456042480109632e+07
6.400000000000000133e-01 7.172459589451892674e+07 7.662155520065769553e+07 7.081370476573175192e+07 6.998234401368755102e+07 6.999454797188588977e+07
6.440000000000000169e-01 7.160547443025206029e+07 7.671540441861596704e+07 7.082664493171617389e+07 6.998176957059256732e+07 6.999458242655009031e+07
6.480000000000000204e-01 7.148028019826397300e+07 7.681345594256089628e+07 7.084053541044436395e+07 6.998265902086673677e+07 6.999464267591220140e+07
6.520000000000000240e-01 7.134196183203527331e+07 7.691616856080570817e+07 7.085503383087342978e+07 6.998465716964159906e+07 6.999466160931231081e+07
6.560000000000000275e-01 7.118706758515670896e+07 7.702272542729990184e+07 7.086976561681874096e+07 6.998657393619325757e+07 6.999455085221815109e+07
6.600000000000000311e-01 7.101697824736151099e+07 7.713128429951938987e+07 7.088448769076499343e+07 6.998707249740411341e+07 6.999424587472797930e+07
6.640000000000000346e-01 7.083747587142628431e+07 7.723971996718268096e+07 7.089913237231488526e+07 6.998550261558929086e+07 6.999374699361561239e+07
6.680000000000000382e-01 7.065674875809018314e+07 7.734654769133538008e+07 7.091374442227423191e+07 6.998236641848948598e+07 6.999313182517844439e+07
6.720000000000000417e-01 7.048252614664691687e+07 7.745158605718231201e+07 7.092838758386172354e+07 6.997911161602091789e+07 6.999252916860757768e+07
6.760000000000000453e-01 7.031938753645367920e+07 7.755601889146552980e+07 7.094309806433406472e+07 6.997734978782887757e+07 6.999206537770040333e+07
6.800000000000000488e-01 7.016724181807291508e+07 7.766181364230896533e+07 7.095790864829096198e+07 6.997795014241179824e+07 6.999181011633746326e+07
6.840000000000000524e-01 7.002152426080618799e+07 7.777079063074676692e+07 7.097290275897091627e+07 6.998054364724765718e+07 6.999174971098625660e+07
6.880000000000000560e-01 6.987499179343646765e+07 7.788382203969712555e+07 7.098823091706117988e+07 6.998373306865955889e+07 6.999180186937423050e+07
6.920000000000000595e-01 6.972038573478959501e+07 7.800056087798500061e+07 7.100405134646677971e+07 6.998588478087691963e+07 6.999186304591670632e+07
6.960000000000000631e-01 6.955292919304056466e+07 7.811980057943382859e+07 7.102041954892627895e+07 6.998603339721408486e+07 6.999186171401199698e+07
7.000000000000000666e-01 6.937174884470629692e+07 7.824021904625546932e+07 7.103720190306743979e+07 6.998436981149956584e+07 6.999178758975565434e+07
7.039999999999999591e-01 6.917978646264000237e+07 7.836106834112153947e+07 7.105408762735860050e+07 6.998204168045738339e+07 6.999168069514162838e+07
7.079999999999999627e-01 6.898237632452957332e+07 7.848243966628406942e+07 7.107071836566092074e+07 6.998041194133423269e+07 6.999158769396600127e+07
7.119999999999999662e-01 6.878515067060181499e+07 7.860501071892938018e+07 7.108687902718159556e+07 6.998024011062233150e+07 6.999151300552207232e+07
7.159999999999999698e-01 6.859211193177169561e+07 7.872949325656314194e+07 7.110264625089013577e+07 6.998128083063896000e+07 6.999139697913742065e+07
7.199999999999999734e-01 6.840454084156300128e+07 7.885615477983090281e+07 7.111840415416224301e+07 6.998252298513272405e+07 6.999113915816581249e+07
7.239999999999999769e-01 6.822100476175202429e+07 7.898470556660845876e+07 7.113470553183160722e+07 6.998289365703883767e+07 6.999065830283989012e+07
7.279999999999999805e-01 6.803828372836838663e+07 7.911458790428033471e+07 7.115204076757502556e+07 6.998197162059445679e+07 6.998995678729531169e+07
7.319999999999999840e-01 6.785272537931807339e+07 7.924544703040745854e+07 7.117062715501230955e+07 6.998026308591653407e+07 6.998914956300786138e+07
7.359999999999999876e-01 6.766147123818778992e+07 7.937746262557157874e+07 7.119031940789474547e+07 6.997887555189526081e+07 6.998843320821656287e+07
7.399999999999999911e-01 6.746315125006777048e+07 7.951132705275796354e+07 7.121067656531089544e+07 6.997880295612803102e+07 6.998800231339316070e+07
7.439999999999999947e-01 6.725792013766363263e+07 7.964789002709405124e+07 7.123114087264037132e+07 6.998027292393399775e+07 6.998795209564605355e+07
7.479999999999999982e-01 6.704697784062382579e+07 7.978769473538041115e+07 7.125123599840697646e+07 6.998256266623267531e+07 6.998821935939319432e+07
7.520000000000000018e-01 6.683187541968087107e+07 7.993068320208671689e+07 7.127069887928888202e+07 6.998439788106882572e+07 6.998859886019146442e+07
7.560000000000000053e-01 6.661391871496017277e+07 8.007622994589851797e+07 7.128951063907274604e+07 6.998469289813710749e+07 6.998883408663414419e+07
7.600000000000000089e-01 6.639387069127054513e+07 8.022346159137082100e+07 7.130785092620731890e+07 6.998318770409812033e+07 6.998873972282257676e+07
7.640000000000000124e-01 6.617198638471680880e+07 8.037166655659456551e+07 7.132602935778674483e+07 6.998060625229823589e+07 6.998829134623295069e+07
7.680000000000000160e-01 6.594826560090212524e+07 8.052057882729092240e+07 7.134443351687158644e+07 6.997825113193954527e+07 6.998763111982813478e+07
7.720000000000000195e-01 6.572273179867832363e+07 8.067042510118910670e+07 7.136349231597943604e+07 6.997728153838294744e+07 6.998698241853013635e+07
7.760000000000000231e-01 6.549556087786177546e+07 8.082177053937113285e+07 7.138362177234029770e+07 6.997809630012984574e+07 6.998651870839567482e+07
7.800000000000000266e-01 6.529402702516649663e+07 8.097528863815730810e+07 7.140512527022051811e+07 6.998016500319111347e+07 6.998626222321367264e+07
7.840000000000000302e-01 6.514900331700950861e+07 8.113157224055781960e+07 7.142806220359596610e+07 6.998237614438943565e+07 6.998607552945929766e+07
7.880000000000000338e-01 6.507904001364664733e+07 8.129102669331964850e+07 7.145214794246186316e+07 6.998367236373700202e+07 6.998575697077001631e+07
7.920000000000000373e-01 6.508273812753677368e+07 7.815331164197209477e+07 7.147676453452703357e+07 6.998359522757241130e+07 6.998518694003047049e+07
7.960000000000000409e-01 6.514017891448883712e+07 7.350249520197018981e+07 7.150112341436059773e+07 6.998244272915454209e+07 6.998443430613635480e+07
8.000000000000000444e-01 6.522040161050726473e+07 6.935040172887606919e+07 7.152454247952821851e+07 6.998098964576254785e+07 6.998374765220998228e+07
8.040000000000000480e-01 6.529192097449934483e+07 6.753395881658950448e+07 7.154672488859777153e+07 6.997997808782458305e+07 6.998342089020130038e+07
8.080000000000000515e-01 6.533259443614052236e+07 6.894473491337110102e+07 7.156790483116438985e+07 6.997970094641037285e+07 6.998360238103008270e+07
8.120000000000000551e-01 6.533526639861178398e+07 7.314671243578168750e+07 7.158877766602520645e+07 6.997991625556421280e+07 6.998416245667946339e+07
8.160000000000000586e-01 6.530734896106187254e+07 7.855358487198454142e+07 7.161023535577179492e+07 6.998011003815600276e+07 6.998471310471093655e+07
8.200000000000000622e-01 6.526516476144991815e+07 8.310122399814614654e+07 7.163302676084236801e+07 6.997991008004941046e+07 6.998479058666916192e+07
8.240000000000000657e-01 6.522606457147014141e+07 8.512994683192038536e+07 7.165749931344661117e+07 6.997937249936598539e+07 6.998411158246357739e+07
8.280000000000000693e-01 6.520196236103871465e+07 8.408742831037321687e+07 7.168353165939871967e+07 6.997895792172469199e+07 6.998275686427538097e+07
8.320000000000000728e-01 6.519673354254151881e+07 8.073484352143767476e+07 7.171066323865032196e+07 6.997921774865081906e+07 6.998116388896481693e+07
8.359999999999999654e-01 6.520765962104418874e+07 7.676357300110590458e+07 7.173832757045389712e+07 6.998039454706628621e+07 6.997991323560319841e+07
8.399999999999999689e-01 6.522910678359954059e+07 7.119932309600310028e+07 7.176605946906533837e+07 6.998219322793917358e+07 6.997941711867910624e+07
8.439999999999999725e-01 6.525597989446423203e+07 6.636519426221717894e+07 7.179359288694319129e+07 6.998387404164984822e+07 6.997968672451727092e+07
8.479999999999999760e-01 6.528536375512122363e+07 6.352626624104078859e+07 7.182086612412330508e+07 6.998462299851948023e+07 6.998032124515379965e+07
8.519999999999999796e-01 6.531634525851012021e+07 6.308480917694635689e+07 7.184804271343043447e+07 6.998398952917851508e+07 6.998073719198301435e+07
8.559999999999999831e-01 6.534908440200279653e+07 6.473552518676351756e+07 7.187567848297041655e+07 6.998214234817345440e+07 6.998051147550460696e+07
8.599999999999999867e-01 6.538400241139957309e+07 6.779177507216750085e+07 7.190508859111057222e+07 6.997980128806409240e+07 6.997963444270296395e+07
8.639999999999999902e-01 6.542078537478866428e+07 7.145102201998411119e+07 7.193880910459572077e+07 6.997788792226827145e+07 6.997851294514927268e+07
8.679999999999999938e-01 6.545603161832696199e+07 7.472276517381908000e+07 7.198086807709491253e+07 6.997709108433245122e+07 6.997771005919599533e+07
8.719999999999999973e-01 6.547913434130892903e+07 7.657651803694662452e+07 7.203647904435022175e+07 6.997757872369652987e+07 6.997757273678906262e+07
8.760000000000000009e-01 6.546856167891500890e+07 7.616299578879764676e+07 7.211085458127865195e+07 6.997899159394969046e+07 6.997797907722510397e+07
8.800000000000000044e-01 6.539341219336158037e+07 7.317145216705006361e+07 7.220717726076298952e+07 6.998069031048661470e+07 6.997837634872934222e+07
8.840000000000000080e-01 6.522512730974341184e+07 6.816650988376282156e+07 7.232430994883945584e+07 6.998209372353966534e+07 6.997810762506048381e+07
8.880000000000000115e-01 6.495946590387925506e+07 6.263924015841148794e+07 7.245534991957895458e+07 6.998291712207205594e+07 6.997684054912690818e+07
8.920000000000000151e-01 6.464028101707167178e+07 5.859264498514681309e+07 7.258826431356987357e+07 6.998320109599328041e+07 6.997483213281148672e+07
8.960000000000000187e-01 6.436911727584349364e+07 5.774019546770410240e+07 7.270926264694103599e+07 6.998315746038994193e+07 6.997284633651527762e+07
9.000000000000000222e-01 6.428481266498610377e+07 6.067049729834885150e+07 7.280826021112899482e+07 6.998296235385937989e+07 6.997174548128126562e+07
9.040000000000000258e-01 6.450914264047822356e+07 6.643086097048810124e+07 7.288427452532520890e+07 6.998263944900447130e+07 6.997198206022773683e+07
9.080000000000000293e-01 6.507511789387813210e+07 7.281509015718795359e+07 7.294779479899919033e+07 6.998209888196575642e+07 6.997329548597665131e+07
9.120000000000000329e-01 6.587315295034525543e+07 7.728144749011020362e+07 7.301791176672504842e+07 6.998128579730148613e+07 6.997481212000451982e+07
9.160000000000000364e-01 6.665338029669855535e+07 7.807817781223177910e+07 7.311439134227502346e+07 6.998031927517603338e+07 6.997551194858483970e+07
9.200000000000000400e-01 6.710215818293772638e+07 7.500716869453282654e+07 7.324790044370894134e+07 6.997951199018965662e+07 6.997480034171625972e+07
9.240000000000000435e-01 6.697285504150456190e+07 6.944974394337277114e+07 7.341343917684502900e+07 6.997924300822263956e+07 6.997284814943386614e+07
9.280000000000000471e-01 6.621434943248678744e+07 6.365893068013686687e+07 7.359115695668405294e+07 6.997975546939744055e+07 6.997049113464885950e+07
9.320000000000000506e-01 6.502870359785124660e+07 5.970005984606704116e+07 7.375505359396472573e+07 6.998100395818471909e+07 6.996873987992265821e+07
9.360000000000000542e-01 6.381517723800802231e+07 5.858315683293280005e+07 7.388543596548059583e+07 6.998265084457850456e+07 6.996818834199017286e+07
9.400000000000000577e-01 6.301292880263702571e+07 5.999385487432990968e+07 7.397832527839934826e+07 6.998422403373327851e+07 6.996867632780401409e+07
9.440000000000000613e-01 6.291114652357092500e+07 6.268493093378749490e+07 7.404638808348017931e+07 6.998535406415033340e+07 6.996941198935386539e+07
9.480000000000000648e-01 6.351955226854632795e+07 6.524231251132585108e+07 7.411099125559595227e+07 6.998596208825033903e+07 6.996948137846602499e+07
9.520000000000000684e-01 6.456640322531127930e+07 6.677751492736090720e+07 7.419058276250286400e+07 6.998629652659666538e+07 6.996843257857467234e+07
9.560000000000000719e-01 6.562634183940688521e+07 6.719720739288321137e+07 7.429286401369272172e+07 6.998679652285042405e+07 6.996657118762463331e+07
9.599999999999999645e-01 6.631247761959572881e+07 6.698166612586349249e+07 7.441523368100382388e+07 6.998784770439538360e+07 6.996477752379107475e+07
9.639999999999999680e-01 6.643552987803748250e+07 6.669116763592900336e+07 7.455162892988248169e+07 6.998954461396655440e+07 6.996395077068659663e+07
9.679999999999999716e-01 6.605614310329954326e+07 6.654555554707027972e+07 7.469892789910301566e+07 6.999156575239822268e+07 6.996442066186840832e+07
9.719999999999999751e-01 6.541933811228702217e+07 6.632861716197939217e+07 7.485672013122583926e+07 6.999321525214566290e+07 6.996569577059800923e+07
9.759999999999999787e-01 6.482287840569157153e+07 6.563429376257678866e+07 7.502056900353057683e+07 6.999362147022219002e+07 6.996671724397222698e+07
9.799999999999999822e-01 6.449612486774197221e+07 6.425027518531575054e+07 7.517602587797869742e+07 6.999203425702035427e+07 6.996647764365774393e+07
9.839999999999999858e-01 6.454158965965379030e+07 6.240302480225017667e+07 7.530210645446576178e+07 6.998813763839973509e+07 6.996463569485032558e+07
9.879999999999999893e-01 6.494039028223727643e+07 6.069929404806969315e+07 7.538594695596903563e+07 6.998228603549408913e+07 6.996175168528135121e+07
9.919999999999999929e-01 6.558430737147619575e+07 5.980789693628777564e+07 7.543922191896918416e+07 6.997557310712575912e+07 6.995899192393775284e+07
9.959999999999999964e-01 6.629792578208599985e+07 6.009101259304355085e+07 7.550088122413207591e+07 6.996965969772326946e+07 6.995746971081396937e+07
1.000000000000000000e+00 6.684875139570243657e+07 6.141351186124169081e+07 7.561709608785849810e+07 6.996633940934622288e+07 6.995761068558257818e+07
1.004000000000000004e+00 6.697761446008834988e+07 6.323106392220068723e+07 7.580627356483247876e+07 6.996691688326081634e+07 6.995891753890326619e+07
1.008000000000000007e+00 6.648099854011061788e+07 6.487771832249361277e+07 7.603307584141556919e+07 6.997159317929057777e+07 6.996027035723015666e+07
1.012000000000000011e+00 6.533397825251695514e+07 6.586260062755480409e+07 7.621639495585855842e+07 6.997913488868267834e+07 6.996057938320885599e+07
1.016000000000000014e+00 6.378730754588256776e+07 6.600917980485592037e+07 7.627660948877289891e+07 6.998707523728084564e+07 6.995940026254472136e+07
1.020000000000000018e+00 6.235249862535868585e+07 6.539948902288288623e+07 7.619723751887758076e+07 6.999251745623265207e+07 6.995715152528150380e+07
1.024000000000000021e+00 6.163323081415270269e+07 6.423519347499785572e+07 7.605695504087942839e+07 6.999332396161431074e+07 6.995481900916694105e+07
1.028000000000000025e+00 6.205351655635572970e+07 6.271600691835436225e+07 7.599886332128103077e+07 6.998920738319513202e+07 6.995334083571515977e+07
1.032000000000000028e+00 6.361568104326321185e+07 6.104845467554104328e+07 7.614412437680809200e+07 6.998215619741192460e+07 6.995305173834495246e+07
1.036000000000000032e+00 6.583321027696482837e+07 5.952965830261094868e+07 7.650199251497355103e+07 6.997583711133830249e+07 6.995351781042847037e+07
1.040000000000000036e+00 6.790372932752151787e+07 5.857764260191033781e+07 7.694342502765116096e+07 6.997408215437182784e+07 6.995384636479638517e+07
1.044000000000000039e+00 6.905504798777526617e+07 5.861001672274470329e+07 7.727190858604905009e+07 6.997908740492933989e+07 6.995326467389211059e+07
1.048000000000000043e+00 6.889165907323825359e+07 5.979562633122721314e+07 7.735798505711662769e+07 6.999023085268335044e+07 6.995160357501165569e+07
1.052000000000000046e+00 6.755940487777081132e+07 6.183129835644985735e+07 7.724795837687540054e+07 7.000423711896033585e+07 6.994938996426746249e+07
1.056000000000000050e+00 6.564402144266901910e+07 6.392870953630287200e+07 7.715813357483214140e+07 7.001678083320732415e+07 6.994749933211170137e+07
1.060000000000000053e+00 6.386823043292687833e+07 6.509539371709357202e+07 7.733496491603389382e+07 7.002481187788251042e+07 6.994659120209500194e+07
1.064000000000000057e+00 6.276117920218449831e+07 6.461157222227539122e+07 7.785980542515251040e+07 7.002835563922834396e+07 6.994668069562296569e+07
1.068000000000000060e+00 6.247681254109299183e+07 6.245555321697837859e+07 7.853555715089492500e+07 7.003066372670793533e+07 6.994711199669414759e+07
1.072000000000000064e+00 6.283551169782696664e+07 5.942682189917378873e+07 7.895927972588379681e+07 7.003641062655948102e+07 6.994695134760126472e+07
1.076000000000000068e+00 6.352425252740501612e+07 5.685184887629680336e+07 7.877066909254013002e+07 7.004877013526479900e+07 6.994556129953674972e+07
1.080000000000000071e+00 6.430433338750834763e+07 5.594106442902497202e+07 7.793246194396750629e+07 7.006701441120456159e+07 6.994300855654157698e+07
1.084000000000000075e+00 6.509425199075195193e+07 5.718168280112862587e+07 7.684329704090860486e+07 7.008620186700196564e+07 6.994005795309853554e+07
1.088000000000000078e+00 6.589918873224247247e+07 6.006322687020006776e+07 7.616467831930409372e+07 7.009946378293299675e+07 6.993775152783508599e+07
1.092000000000000082e+00 6.667222135055957735e+07 6.329430894915190339e+07 7.642803093423424661e+07 7.010187222513648868e+07 6.993681576107999682e+07
1.096000000000000085e+00 6.723685475880210102e+07 6.541127091961628944e+07 7.766716791801071167e+07 7.009376058620926738e+07 6.993723855600589514e+07
1.100000000000000089e+00 6.734733199332275987e+07 6.547118681330876052e+07 7.932673331838440895e+07 7.008142914806468785e+07 6.993825654097762704e+07
1.104000000000000092e+00 6.685316704021321237e+07 6.347963799969030172e+07 8.054686391348473728e+07 7.007451966958007216e+07 6.993875654229715466e+07
1.108000000000000096e+00 6.584767324084740877e+07 6.034894653735931218e+07 8.067954453208470345e+07 7.008129456976073980e+07 6.993786248237434030e+07
1.112000000000000099e+00 6.468030399793821573e+07 5.743078977347582579e+07 7.971608812410539389e+07 7.010444244716306031e+07 6.993538243820302188e+07
1.116000000000000103e+00 6.380146318905669451e+07 5.587934559417695552e+07 7.833064694849985838e+07 7.013990755446720123e+07 6.993187886178757250e+07
1.120000000000000107e+00 6.352527429818053544e+07 5.616524671493501961e+07 7.753674297834153473e+07 7.017952948019507527e+07 6.992834005494171381e+07
1.124000000000000110e+00 6.385896793150213361e+07 5.795376806816697121e+07 7.798310696729671955e+07 7.021593101525154710e+07 6.992564714501194656e+07
1.128000000000000114e+00 6.451118299925998598e+07 6.035611914933760464e+07 7.948242998715129495e+07 7.024657974793930352e+07 6.992412938241709769e+07
1.132000000000000117e+00 6.507765969857440889e+07 6.238478634840723872e+07 8.109809876362168789e+07 7.027434756512698531e+07 6.992343572513855994e+07
1.136000000000000121e+00 6.528716147190130502e+07 6.336043028245630860e+07 8.176686537654730678e+07 7.030411209624104202e+07 6.992276915423887968e+07
1.140000000000000124e+00 6.515097287835104018e+07 6.310756515966443717e+07 7.998052306303174794e+07 7.033765735104925931e+07 6.992133791184481978e+07
1.144000000000000128e+00 6.492322615538545698e+07 6.190547677472107857e+07 7.717987630250042677e+07 7.037053279103468359e+07 6.991877689124657214e+07
1.148000000000000131e+00 6.490433679621176422e+07 6.028143155728682876e+07 7.507529303979027271e+07 7.039351924987770617e+07 6.991532637777599692e+07
1.152000000000000135e+00 6.522248917836840451e+07 5.877973678390821815e+07 7.509913257363601029e+07 7.039836616974899173e+07 6.991169299301902950e+07
1.155999999999999917e+00 6.573994992545860261e+07 5.780211242813059688e+07 7.753557880431398749e+07 7.038436297198039293e+07 6.990867883867833018e+07
1.159999999999999920e+00 6.614469895660775155e+07 5.754159658726448566e+07 8.032552677989380062e+07 7.036123699804833531e+07 6.990676859685631096e+07
1.163999999999999924e+00 6.616214323233097792e+07 5.798039792838567495e+07 8.230412410381837189e+07 7.034581290648546815e+07 6.990586990401956439e+07
1.167999999999999927e+00 6.574148162514556944e+07 5.891777347565935552e+07 8.217744463415955007e+07 7.035381685818947852e+07 6.990532131255878508e+07
1.171999999999999931e+00 6.509044833914381266e+07 6.002074679668790102e+07 7.978660343088805676e+07 7.039164098670643568e+07 6.990416186557216942e+07
1.175999999999999934e+00 6.453702114708633721e+07 6.091023301997970045e+07 7.629414776472660899e+07 7.045335537611448765e+07 6.990154976047538221e+07
1.179999999999999938e+00 6.431540313201621175e+07 6.128260541684880853e+07 7.357362881245189905e+07 7.052512851403868198e+07 6.989716043146744370e+07
1.183999999999999941e+00 6.442489278989923000e+07 6.103031534334331751e+07 7.314756119903895259e+07 7.059431967098081112e+07 6.989139875019879639e+07
1.187999999999999945e+00 6.465872877655899525e+07 6.029935435451546311e+07 7.530613180607774854e+07 7.065711684570677578e+07 6.988532091549296677e+07
1.191999999999999948e+00 6.478051459331396967e+07 5.943440992270419002e+07 7.893285555455698073e+07 7.071927447922734916e+07 6.988026391523504257e+07
1.195999999999999952e+00 6.472038687191347778e+07 5.882024452756005526e+07 8.213316626856629550e+07 7.078918207673408091e+07 6.987729899311110377e+07
1.199999999999999956e+00 6.464529701827020943e+07 5.869328640316285938e+07 8.328236871056671441e+07 7.086819450069044530e+07 6.987672145097081363e+07
1.203999999999999959e+00 6.484235942421196401e+07 5.902607674360851943e+07 8.187847776029042900e+07 7.094580146739654243e+07 6.987781458886152506e+07
1.207999999999999963e+00 6.548581405500198901e+07 5.955415519540124387e+07 7.873307091763947904e+07 7.100446079270441830e+07 6.987904497468510270e+07
1.211999999999999966e+00 6.644747861065408587e+07 5.993522873945450783e+07 7.535504444846026599e+07 7.103209777884082496e+07 6.987866623266643286e+07
1.215999999999999970e+00 6.729426367357201874e+07 5.995137696338675171e+07 7.314114508588759601e+07 7.103391762103123963e+07 6.987549600251467526e+07
1.219999999999999973e+00 6.750046034882634878e+07 5.963626222794323415e+07 7.271010515932314098e+07 7.103414034572669864e+07 6.986949585138837993e+07
1.223999999999999977e+00 6.676030237318138778e+07 5.925070781815663725e+07 7.375944933399516344e+07 7.106417455365493894e+07 6.986182527036979795e+07
1.227999999999999980e+00 6.521092954027871042e+07 5.911845021059381962e+07 7.543182091651825607e+07 7.114330379771976173e+07 6.985427754302304983e+07
1.231999999999999984e+00 6.341924217152722180e+07 5.941718353475904465e+07 7.688003309699125588e+07 7.126462894104088843e+07 6.984834053610788286e+07
1.235999999999999988e+00 6.212408007960502058e+07 6.004880641160486639e+07 7.766238211253365874e+07 7.139733391628599167e+07 6.984437765878050029e+07
1.239999999999999991e+00 6.187225848640862107e+07 6.066955594543118775e+07 7.777787840550805628e+07 7.150615851060822606e+07 6.984142271804744005e+07
1.243999999999999995e+00 6.275135946430640668e+07 6.087019364500142634e+07 7.743282261610798538e+07 7.157638943347401917e+07 6.983778029274125397e+07
1.247999999999999998e+00 6.436435564715339988e+07 6.041007646119721234e+07 7.678712872852766514e+07 7.162664073951853812e+07 6.983215462279346585e+07
1.252000000000000002e+00 6.604869019079209119e+07 5.937536301185034215e+07 7.588371031642654538e+07 7.169779368409991264e+07 6.982466021394751966e+07
1.256000000000000005e+00 6.720464040398287773e+07 5.816945596245627105e+07 7.477454199786576629e+07 7.182230184818923473e+07 6.981704678102405369e+07
1.260000000000000009e+00 6.754780323264737427e+07 5.733243508663156629e+07 7.368084627098900080e+07 7.199362861378377676e+07 6.981187025888165832e+07
1.264000000000000012e+00 6.716313394514037669e+07 5.727790251821826398e+07 7.299688483686363697e+07 7.215930242894433439e+07 6.981097329709419608e+07
1.268000000000000016e+00 6.636655403438491374e+07 5.808149813399985433e+07 7.308197012721852958e+07 7.224804761343216896e+07 6.981413561081835628e+07
1.272000000000000020e+00 6.549008538363161683e+07 5.943115839835181832e+07 7.397399551423695683e+07 7.221819071213506162e+07 6.981877791931964457e+07
1.276000000000000023e+00 6.473130367327455431e+07 6.076756757381951809e+07 7.525117540952777863e+07 7.209622720255866647e+07 6.982106701230777800e+07
1.280000000000000027e+00 6.414089631697998941e+07 6.154645049801024050e+07 7.618923485817244649e+07 7.197535292330203950e+07 6.981793548431372643e+07
1.284000000000000030e+00 6.371662368019114435e+07 6.149223319004543126e+07 7.615919150000083447e+07 7.196679568540574610e+07 6.980888938865928352e+07
1.288000000000000034e+00 6.350236890509153903e+07 6.071699209916142374e+07 7.502814657832372189e+07 7.212930810776045918e+07 6.979646621918970346e+07
1.292000000000000037e+00 6.360166699113781750e+07 5.964719121983477473e+07 7.329519558890594542e+07 7.242249832647427917e+07 6.978491391400438547e+07
1.296000000000000041e+00 6.409241143502361327e+07 5.879827666069214046e+07 7.184718857146792114e+07 7.272102537940052152e+07 6.977772767531953752e+07
1.300000000000000044e+00 6.491381235990399122e+07 5.851380483345399797e+07 7.145729811292897165e+07 7.289012733506447077e+07 6.977546797114919126e+07
1.304000000000000048e+00 6.582581574579897523e+07 5.880234304370349646e+07 7.231902996186584234e+07 7.287963622255095840e+07 6.977525451524525881e+07
1.308000000000000052e+00 6.649354495880676806e+07 5.935373503114246577e+07 7.389925272843638062e+07 7.277315320513992012e+07 6.977241274427750707e+07
1.312000000000000055e+00 6.665850937551800907e+07 5.972331778757323325e+07 7.520990019058261812e+07 7.274982919613258541e+07 6.976343089948095381e+07
1.316000000000000059e+00 6.628919293339679390e+07 5.958620727064812928e+07 7.535176694602900743e+07 7.297054437838323414e+07 6.974846893433165550e+07
1.320000000000000062e+00 6.560697008093908429e+07 5.892803754566715658e+07 7.402362465749171376e+07 7.345553897988592088e+07 6.973177447459259629e+07
1.324000000000000066e+00 6.496024552453762293e+07 5.807139679317266494e+07 7.170890368304386735e+07 7.403802070301128924e+07 6.971953663574476540e+07
1.328000000000000069e+00 6.462014226124595106e+07 5.752133278100837767e+07 6.943511801304416358e+07 7.443957244365116954e+07 6.971629491966584325e+07
1.332000000000000073e+00 6.462694313295180351e+07 5.770555092577257752e+07 6.823892743491129577e+07 7.443632460492597520e+07 6.972203800472079217e+07
1.336000000000000076e+00 6.478790608338017762e+07 5.873872805530585349e+07 6.862733855083508790e+07 7.401727862307298183e+07 6.973187038822008669e+07
1.340000000000000080e+00 6.482995790792079270e+07 6.032938222467860579e+07 7.031996031265191734e+07 7.342611373702588677e+07 6.973864625693427026e+07
1.344000000000000083e+00 6.460764927561049908e+07 6.187863761346444488e+07 7.239947375427378714e+07 7.304087037358312309e+07 6.973711716121536493e+07
1.348000000000000087e+00 6.422619057416829467e+07 6.272829687562720478e+07 7.377978623910525441e+07 7.314937569826728106e+07 6.972707636342805624e+07
1.352000000000000091e+00 6.399061107813610137e+07 6.244610199633693695e+07 7.374171066107457876e+07 7.375681506702114642e+07 6.971345789542873204e+07
1.356000000000000094e+00 6.420462110026945919e+07 6.102114495298491418e+07 7.226405569311365485e+07 7.455806621077536047e+07 6.970317429853220284e+07
1.360000000000000098e+00 6.494484530275119841e+07 5.888608132024525851e+07 6.999649034081514180e+07 7.511270489555418491e+07 6.970057139354538918e+07
1.364000000000000101e+00 6.596046535254229605e+07 5.676085626774753630e+07 6.790972766200356185e+07 7.512784728228683770e+07 6.970439806862767041e+07
1.368000000000000105e+00 6.677602753458905220e+07 5.538685060145188868e+07 6.681722201311933994e+07 7.466933655910778046e+07 6.970838801561136544e+07
1.372000000000000108e+00 6.694912341479597986e+07 5.525858333068671823e+07 6.701190380014371872e+07 7.414941617574551702e+07 6.970531691514626145e+07
1.376000000000000112e+00 6.633349399333605170e+07 5.645111876162843406e+07 6.818409449557664990e+07 7.407426550410403311e+07 6.969209060188975930e+07
1.380000000000000115e+00 6.518679477817763388e+07 5.859675918437267840e+07 6.963188185253702104e+07 7.469767055852624774e+07 6.967254827423900366e+07
1.384000000000000119e+00 6.405048903141057491e+07 6.100877414051306248e+07 7.062896622122138739e+07 7.580863243537828326e+07 6.965591153273175657e+07
1.388000000000000123e+00 6.346450566232509911e+07 6.290502664078721404e+07 7.075243125185124576e+07 7.681498874234904349e+07 6.965151389775714278e+07
1.392000000000000126e+00 6.367880396097359806e+07 6.366070590412886441e+07 7.001867129996235669e+07 7.710038272327278554e+07 6.966293549717566371e+07
1.396000000000000130e+00 6.452669665411746502e+07 6.301566896005608886e+07 6.879387007981738448e+07 7.644439419714507461e+07 6.968528897469556332e+07
1.400000000000000133e+00 6.552918889752704650e+07 6.117302139243941009e+07 6.756404956870141625e+07 7.522740440609413385e+07 6.970761129322138429e+07
1.404000000000000137e+00 6.616452919075259566e+07 5.874988411541355401e+07 6.670440549277752638e+07 7.425490821279543638e+07 6.971912197999587655e+07
1.407999999999999918e+00 6.614473088648271561e+07 5.658043374132212251e+07 6.635781980734147131e+07 7.427491928770625591e+07 6.971552238968884945e+07
1.411999999999999922e+00 6.554512737764115632e+07 5.542249096120928973e+07 6.644904742989040911e+07 7.547812597758561373e+07 6.970128463779777288e+07
1.415999999999999925e+00 6.472735522781259567e+07 5.566720608336858451e+07 6.678240963908304274e+07 7.731940683794659376e+07 6.968632159316059947e+07
1.419999999999999929e+00 6.411901221376977116e+07 5.717109412657118589e+07 6.714328104802006483e+07 7.880459644794565439e+07 6.967909195567519963e+07
1.423999999999999932e+00 6.398868542451638728e+07 5.929829212823249400e+07 6.735409562861561775e+07 7.909281443205021322e+07 6.968070539693814516e+07
1.427999999999999936e+00 6.434092257105388492e+07 6.117797377063414454e+07 6.728876046678733826e+07 7.804311558377361298e+07 6.968417568872880936e+07
1.431999999999999940e+00 6.496853248329561949e+07 6.207872666734053195e+07 6.688168559014895558e+07 7.634303021359229088e+07 6.967968554808652401e+07
1.435999999999999943e+00 6.560076552034468949e+07 6.173135584364260733e+07 6.615659917482117563e+07 7.510818487342423201e+07 6.966258414765959978e+07
1.439999999999999947e+00 6.603948205883274972e+07 6.044007030134160817e+07 6.525952428725866228e+07 7.518541270570911467e+07 6.963860150694924593e+07
1.443999999999999950e+00 6.620587191601598263e+07 5.891743704810679704e+07 6.444969852521075308e+07 7.660192608618846536e+07 6.962214709371425211e+07
1.447999999999999954e+00 6.609854343515111506e+07 5.791856544192354381e+07 6.401620662393556535e+07 7.852999480635112524e+07 6.962796444952699542e+07
1.451999999999999957e+00 6.572984490253371000e+07 5.786012681089523435e+07 6.414492297576254606e+07 7.981209018739010394e+07 6.966111341343481839e+07
1.455999999999999961e+00 6.511335095564659685e+07 5.862460558523228765e+07 6.477924951683698595e+07 7.971994341373771429e+07 6.971203719854752719e+07
1.459999999999999964e+00 6.431968104681891203e+07 5.965431946129093319e+07 6.560273565204982460e+07 7.845041707564063370e+07 6.976078819318327308e+07
1.463999999999999968e+00 6.354509836793161929e+07 6.028194960481812060e+07 6.616975183102907240e+07 7.708007667795175314e+07 6.978867015929266810e+07
1.467999999999999972e+00 6.310669939229518175e+07 6.011263737791696191e+07 6.613190316728881747e+07 7.680203634077249467e+07 6.979023925530183315e+07
1.471999999999999975e+00 6.331920212632319331e+07 5.924379177007260174e+07 6.543580682371927053e+07 7.807932934290042520e+07 6.977750430650632083e+07
1.475999999999999979e+00 6.429810946833997965e+07 5.820130585678992420e+07 6.436766993426764756e+07 8.027795399839496613e+07 6.977254631073144078e+07
1.479999999999999982e+00 6.580950020456033200e+07 5.763254942577657104e+07 6.340195689304038137e+07 8.205197384310944378e+07 6.979230853213204443e+07
1.483999999999999986e+00 6.728808526447513700e+07 5.793375991065523028e+07 6.294957033321620524e+07 8.123487037277206779e+07 6.983521676725745201e+07
1.487999999999999989e+00 6.805905640179163218e+07 5.902307504799304903e+07 6.310740862840083241e+07 7.857795040516334772e+07 6.987930703296957910e+07
1.491999999999999993e+00 6.767246232174322009e+07 6.038278021173870564e+07 6.360589230739094317e+07 7.553504173736894131e+07 6.989487728136409819e+07
1.495999999999999996e+00 6.617154906915321946e+07 6.133915145369707793e+07 6.398554888336343318e+07 7.391055973410226405e+07 6.986501602226811647e+07
1.500000000000000000e+00 6.413078689638104290e+07 6.141731309886445105e+07 6.390035628101777285e+07 7.481140131627155840e+07 6.980091149014584720e+07
1.504000000000000004e+00 6.241653767725969851e+07 6.057585726581695676e+07 6.336074108176456392e+07 7.796261704704006016e+07 6.974047393524296582e+07
1.508000000000000007e+00 6.177913442216683179e+07 5.920469135778952390e+07 6.275461231693227589e+07 8.093377332767397165e+07 6.972852869725240767e+07
1.512000000000000011e+00 6.248701522271731496e+07 5.790710017979228497e+07 6.261479697147580981e+07 8.244379614233112335e+07 6.978916009138938785e+07
1.516000000000000014e+00 6.419795288300342858e+07 5.720025791909264773e+07 6.327169736052673310e+07 8.149936420457501709e+07 6.990767156921884418e+07
1.520000000000000018e+00 6.613532564316204190e+07 5.729543460420441628e+07 6.457559541231217980e+07 7.847738934077465534e+07 7.003561662297412753e+07
1.524000000000000021e+00 6.747185939800538123e+07 5.805431489350642264e+07 6.590164310757802427e+07 7.496819711660915613e+07 7.011863266218772531e+07
1.528000000000000025e+00 6.771524609569382668e+07 5.911008223323531449e+07 6.645385795778731257e+07 7.288231126422214508e+07 7.013133498610335588e+07
1.532000000000000028e+00 6.689992024281288683e+07 6.005937357508157939e+07 6.571283367218860984e+07 7.335352063375204802e+07 7.009658065853528678e+07
1.536000000000000032e+00 6.550626874083223939e+07 6.061738887170249224e+07 6.377386683750037104e+07 7.609775145481167734e+07 7.007393713722626865e+07
1.540000000000000036e+00 6.417955790987616032e+07 6.067824057528746128e+07 6.137019549078823626e+07 7.960180048821431398e+07 7.012113337314434350e+07
1.544000000000000039e+00 6.341730150410588086e+07 6.029202144641009718e+07 5.954769673212353885e+07 8.200640613223563135e+07 7.025136026343050599e+07
1.548000000000000043e+00 6.338586157886616886e+07 5.961018161258400232e+07 5.915463880945719033e+07 8.213991181537294388e+07 7.041551435624128580e+07
1.552000000000000046e+00 6.393117179372340441e+07 5.884159072543355823e+07 6.041806560224728286e+07 8.010029841154910624e+07 7.052569903051161766e+07
1.556000000000000050e+00 6.473185575680509210e+07 5.822227087989738584e+07 6.283076993523361534e+07 7.709047139570441842e+07 7.051041612539581954e+07
1.560000000000000053e+00 6.547772307831019163e+07 5.797211788600805402e+07 6.540132139066424966e+07 7.456764323412232101e+07 7.036860105503182113e+07
1.564000000000000057e+00 6.597392767443683743e+07 5.822017483178341389e+07 6.712381853253033757e+07 7.347323740254762769e+07 7.018523160792841017e+07
1.568000000000000060e+00 6.614572213504766673e+07 5.892039242163063586e+07 6.741712428885503113e+07 7.383416324600622058e+07 7.009150961865913868e+07
1.572000000000000064e+00 6.599140110326699167e+07 5.981670870916904509e+07 6.632124855959982425e+07 7.494706171777744591e+07 7.018749549874617159e+07
1.576000000000000068e+00 6.555154216798742115e+07 6.051190644477050006e+07 6.438850644808761775e+07 7.594366755716127157e+07 7.047309446815876663e+07
1.580000000000000071e+00 6.492385657296513021e+07 6.063994386960862577e+07 6.237256542993695289e+07 7.632896254328191280e+07 7.083449947190356255e+07
1.584000000000000075e+00 6.429245925031428039e+07 6.006701428208508343e+07 6.090274917764773965e+07 7.616389397347615659e+07 7.110290696360214055e+07
1.588000000000000078e+00 6.391053055957308412e+07 5.900486845704383403e+07 6.029675617878064513e+07 7.583974978152865171e+07 7.115647562766626477e+07
1.592000000000000082e+00 6.400363648792287707e+07 5.794877065671601146e+07 6.055253871938859671e+07 7.567884429096977413e+07 7.100377623297640681e+07
1.596000000000000085e+00 6.462894113309387118e+07 5.744554121836144477e+07 6.145301170833744109e+07 7.567663100479476154e+07 7.079118536327788234e+07
1.600000000000000089e+00 6.558132939019010961e+07 5.780264543386709690e+07 6.268245382191059738e+07 7.555552891923519969e+07 7.071996262262699008e+07
1.604000000000000092e+00 6.643319210426626354e+07 5.890002790244015306e+07 6.389771141172435880e+07 7.505129854992507398e+07 7.091722281395372748e+07
1.608000000000000096e+00 6.672251132182746381e+07 6.022324726221176982e+07 6.476935032844821364e+07 7.418436710398705304e+07 7.134136500446760654e+07
1.612000000000000099e+00 6.620534746225909889e+07 6.111682583276843280e+07 6.504216107879143953e+07 7.329551013761113584e+07 7.178946014110882580e+07
1.616000000000000103e+00 6.502933426695232838e+07 6.112797925158326328e+07 6.463284695745307207e+07 7.281560974360901117e+07 7.201410768321798742e+07
1.620000000000000107e+00 6.371031642116354406e+07 6.025108048023695499e+07 6.371592243149972707e+07 7.294539457966604829e+07 7.188477698238855600e+07
1.624000000000000110e+00 6.289845056211943179e+07 5.893253498229661584e+07 6.271110852342396975e+07 7.349089643346591294e+07 7.149085144434556365e+07
1.628000000000000114e+00 6.304453232746053487e+07 5.782949184128402174e+07 6.212250158190849423e+07 7.398558941326765716e+07 7.111019461420954764e+07
1.632000000000000117e+00 6.414614962405623496e+07 5.745688490539321303e+07 6.227854838001374155e+07 7.401755980177702010e+07 7.104802033069802821e+07
1.636000000000000121e+00 6.572056923247288913e+07 5.792180415729853511e+07 6.311447962911076844e+07 7.352575276406762004e+07 7.143829084728460014e+07
1.640000000000000124e+00 6.703111676809391379e+07 5.889264878954429924e+07 6.414958700135375559e+07 7.284597717136304080e+07 7.213579146847686172e+07
1.644000000000000128e+00 6.745358741640970111e+07 5.981279430380816758e+07 6.471472252717577666e+07 7.246462396341532469e+07 7.278125641132035851e+07
1.648000000000000131e+00 6.678985251104342937e+07 6.022662523027341813e+07 6.433070871042119712e+07 7.264803160917957127e+07 7.301572005030822754e+07
1.652000000000000135e+00 6.536341893055444956e+07 6.002439275804520398e+07 6.302471388309832662e+07 7.320978149295721948e+07 7.271800076211023331e+07
1.656000000000000139e+00 6.385025911914294213e+07 5.946722235538825393e+07 6.138177494459027052e+07 7.359051064220763743e+07 7.210990620584785938e+07
1.660000000000000142e+00 6.293976578204803169e+07 5.898985188897450268e+07 6.027028060101667792e+07 7.321456113903741539e+07 7.164508972999830544e+07
1.664000000000000146e+00 6.300592145381869376e+07 5.891242494216369092e+07 6.037443260530252755e+07 7.189712583013933897e+07 7.173264355521199107e+07
1.667999999999999927e+00 6.395328505068526417e+07 5.924269335798607767e+07 6.179405911110518128e+07 7.003212309226438403e+07 7.246181669072461128e+07
1.671999999999999931e+00 6.530053492162640393e+07 5.968762989393196255e+07 6.394844649574407935e+07 6.842388705946442485e+07 7.351045816139775515e+07
1.675999999999999934e+00 6.643770852174052596e+07 5.985962418116631359e+07 6.585310242703304440e+07 6.784856748415710032e+07 7.431594261444157362e+07
1.679999999999999938e+00 6.691258515370158106e+07 5.954138927096126974e+07 6.662376842875089496e+07 6.860153729737825692e+07 7.442082149293623865e+07
1.683999999999999941e+00 6.660561554098551720e+07 5.884014559898696840e+07 6.592918402323427796e+07 7.029944271779811382e+07 7.378130334342940152e+07
1.687999999999999945e+00 6.572906398650744557e+07 5.813441548629619181e+07 6.414347846041966230e+07 7.205570245437465608e+07 7.283176094340750575e+07
1.691999999999999948e+00 6.468342604347769916e+07 5.784808798829932511e+07 6.212287164703008533e+07 7.293139755584274232e+07 7.224143025593294203e+07
1.695999999999999952e+00 6.386660444446921349e+07 5.819311224005787075e+07 6.074490134848161787e+07 7.241043744756813347e+07 7.249754754688924551e+07
1.699999999999999956e+00 6.353099547714210302e+07 5.903853689902816713e+07 6.047495524791355431e+07 7.064424892767289281e+07 7.357546181417991221e+07
1.703999999999999959e+00 6.373367623516681790e+07 5.998221677811490744e+07 6.119320921115335822e+07 6.834980364328643680e+07 7.492019975410991907e+07
1.707999999999999963e+00 6.436538613938266039e+07 6.057626737685670704e+07 6.235096314498254657e+07 6.643702839026064426e+07 7.577554596066759527e+07
1.711999999999999966e+00 6.521293896769254655e+07 6.056759346604827046e+07 6.333266013367919624e+07 6.557608618493562937e+07 7.566882316808538139e+07
1.715999999999999970e+00 6.601872255243386328e+07 6.001429088483811170e+07 6.379429768287923932e+07 6.592342475824818760e+07 7.474121935127374530e+07
1.719999999999999973e+00 6.653143125698108971e+07 5.922259751236948371e+07 6.378728416678381711e+07 6.711768711516679823e+07 7.369275506449265778e+07
1.723999999999999977e+00 6.656264259687709808e+07 5.855973610320628434e+07 6.362533937468282878e+07 6.850604337170547247e+07 7.335051681160557270e+07
1.727999999999999980e+00 6.605514558871977776e+07 5.826457597041213512e+07 6.361217199348926544e+07 6.945577590647114813e+07 7.412072540250939131e+07
1.731999999999999984e+00 6.513902254114616662e+07 5.836275048546457291e+07 6.382036256200677156e+07 6.959459895661413670e+07 7.568179621601115167e+07
1.735999999999999988e+00 6.412926284811798483e+07 5.871347931554210186e+07 6.405914387311790138e+07 6.889438128983646631e+07 7.714057030173695087e+07
1.739999999999999991e+00 6.343121173413434625e+07 5.912990919670950621e+07 6.403370261781606823e+07 6.761039990465222299e+07 7.758099016600501537e+07
1.743999999999999995e+00 6.336979494105558097e+07 5.948028273266364634e+07 6.357334171603518724e+07 6.614778717950731516e+07 7.667135255750563741e+07
1.747999999999999998e+00 6.401693373806663603e+07 5.971108540850093961e+07 6.276995633233516663e+07 6.492721035621811450e+07 7.493359248954814672e+07
1.752000000000000002e+00 6.511668526939710975e+07 5.980385704073588550e+07 6.193855972547172010e+07 6.428116145653755963e+07 7.347286085974524915e+07
1.756000000000000005e+00 6.617258370047415793e+07 5.972893998713956028e+07 6.143473639708514512e+07 6.437480838714534789e+07 7.330733662228615582e+07
1.760000000000000009e+00 6.667695359753744304e+07 5.945360926585497707e+07 6.145525584367057681e+07 6.514381446731854975e+07 7.471040889366771281e+07
1.764000000000000012e+00 6.637396973375476897e+07 5.900538673359604180e+07 6.194920345040396601e+07 6.627155433914612234e+07 7.700194679373343289e+07
1.768000000000000016e+00 6.541270812688452005e+07 5.853033081419872493e+07 6.268322098740042001e+07 6.726193901313704252e+07 7.894113945657590032e+07
1.772000000000000020e+00 6.429282820370501280e+07 5.827237708334898949e+07 6.339823363840553164e+07 6.759223837084579468e+07 7.949124938369257748e+07
1.776000000000000023e+00 6.361498810773415864e+07 5.845084748269459605e+07 6.394081397259044647e+07 6.695233417324227840e+07 7.847500420016990602e+07
1.780000000000000027e+00 6.376073318731070310e+07 5.909664677239018679e+07 6.428475774717850238e+07 6.544403457005672157e+07 7.669315464474759996e+07
1.784000000000000030e+00 6.467549667872848362e+07 5.996159420615281165e+07 6.444957141903744638e+07 6.360945570093042403e+07 7.541543191767573357e+07
1.788000000000000034e+00 6.588031874268770963e+07 6.059214588998197019e+07 6.440321242673897743e+07 6.222614357398565114e+07 7.556128615295968950e+07
1.792000000000000037e+00 6.671561809148229659e+07 6.056181008584003150e+07 6.404631054857614636e+07 6.193752458098565787e+07 7.709978417519684136e+07
1.796000000000000041e+00 6.669134698777506500e+07 5.974357915881681442e+07 6.330641656801658869e+07 6.290305929916943610e+07 7.906678437134093046e+07
1.800000000000000044e+00 6.575579756164383143e+07 5.845192788171285391e+07 6.227437999692488462e+07 6.469244714307803661e+07 8.019946392585760355e+07
1.804000000000000048e+00 6.433672442111948133e+07 5.733838844457072765e+07 6.126427834498279542e+07 6.645320818363486975e+07 7.978018796952421963e+07
1.808000000000000052e+00 6.313085554790397733e+07 5.706395937714432180e+07 6.071655206248547137e+07 6.732739203143298626e+07 7.813444311862452328e+07
1.812000000000000055e+00 6.275279245792002231e+07 5.791533752465594560e+07 6.097097940617223084e+07 6.688927637412263453e+07 7.651448428557533026e+07
1.816000000000000059e+00 6.342706355916807055e+07 5.958841557941205800e+07 6.203955210901736468e+07 6.535346670754668117e+07 7.623124013142541051e+07
1.820000000000000062e+00 6.487957196827752143e+07 6.128698730257720500e+07 6.353352035999549925e+07 6.343786739602179825e+07 7.774708934636949003e+07
1.824000000000000066e+00 6.647574459536089003e+07 6.211181827742665261e+07 6.481826462983243167e+07 6.196597474585267901e+07 8.032457907034786046e+07
1.828000000000000069e+00 6.752506211544001102e+07 6.154287783650469780e+07 6.532968873538862169e+07 6.144209490227742493e+07 8.247857021776477993e+07
1.832000000000000073e+00 6.759431328314872086e+07 5.974936760596679151e+07 6.487592787179654837e+07 6.184214612054179609e+07 8.172563412359535694e+07
1.836000000000000076e+00 6.668129644921490550e+07 5.754457402494999766e+07 6.374335337283795327e+07 6.272195325558663905e+07 7.883084261660093069e+07
1.840000000000000080e+00 6.518320612387384474e+07 5.599383104939885437e+07 6.253578083596883714e+07 6.352929883239920437e+07 7.539988159213805199e+07
1.844000000000000083e+00 6.369844352458313853e+07 5.587655419876016676e+07 6.183555755103459954e+07 6.393441311308678240e+07 7.343895254512514174e+07
1.848000000000000087e+00 6.277085358915115893e+07 5.728684940007436275e+07 6.188521422209266573e+07 6.396943950525315106e+07 7.421410578441156447e+07
1.852000000000000091e+00 6.269177025752417743e+07 5.958335019442637265e+07 6.247787731529674679e+07 6.391705265674847364e+07 7.751213855167613924e+07
1.856000000000000094e+00 6.342702805724622309e+07 6.171012853714952618e+07 6.311791078706972301e+07 6.405266645881130546e+07 8.075370389689745009e+07
1.860000000000000098e+00 6.466956399951383471e+07 6.271420119987532496e+07 6.334805085586928576e+07 6.442684604406516999e+07 8.261250078566166759e+07
1.864000000000000101e+00 6.597086449301560968e+07 6.219004097505768389e+07 6.303832216834147274e+07 6.482845875669363886e+07 8.198302758207260072e+07
1.868000000000000105e+00 6.689299287923748046e+07 6.043484105554409325e+07 6.245820149370062351e+07 6.493611492730284482e+07 7.908344988160665333e+07
1.872000000000000108e+00 6.713827439196820557e+07 5.826157757953865081e+07 6.209027660910032690e+07 6.454092370216137171e+07 7.536604979640381038e+07
1.876000000000000112e+00 6.663404496801009029e+07 5.659315898838479817e+07 6.230546888545054197e+07 6.368926780413035303e+07 7.271606604160609841e+07
1.880000000000000115e+00 6.555963211377345026e+07 5.605441922234968096e+07 6.310594412578624487e+07 6.266141824799893051e+07 7.241700490609884262e+07
1.884000000000000119e+00 6.430373987053255737e+07 5.674952447044134140e+07 6.409908273950333893e+07 6.181811692078021169e+07 7.448606599817578495e+07
1.888000000000000123e+00 6.334720587633760273e+07 5.829337144280670583e+07 6.472171076290442050e+07 6.142653767306692153e+07 7.773960804288993776e+07
1.892000000000000126e+00 6.309015947677601129e+07 6.003451445028313994e+07 6.457829214387571812e+07 6.157075413617072254e+07 8.050373783177505434e+07
1.896000000000000130e+00 6.367826546390409023e+07 6.133538514941211045e+07 6.368618805989421159e+07 6.217551045328822732e+07 8.152197363445945084e+07
1.900000000000000133e+00 6.490674542063742131e+07 6.178720301781855524e+07 6.247811687754900753e+07 6.308919866424164921e+07 8.054243848917868733e+07
1.904000000000000137e+00 6.626760152837298065e+07 6.130311163100722432e+07 6.156009325737220049e+07 6.414419889041110128e+07 7.830512682124955952e+07
1.908000000000000140e+00 6.714781410972341895e+07 6.010020152228283882e+07 6.137039700808930397e+07 6.515502849264732003e+07 7.591062801861488819e+07
1.912000000000000144e+00 6.710689601534742117e+07 5.861078991221027821e+07 6.194172725238838047e+07 6.588702971896817535e+07 7.423033490961131454e+07
1.916000000000000147e+00 6.610498291661620140e+07 5.735505443058413267e+07 6.290229862249084562e+07 6.606821415070167929e+07 7.354100573274697363e+07
1.919999999999999929e+00 6.455744999000264704e+07 5.679004145048692077e+07 6.370592838224530965e+07 6.548847016146668792e+07 7.358026906065405905e+07
1.923999999999999932e+00 6.316753054107398540e+07 5.715341055512166023e+07 6.394694681116531044e+07 6.415195126439010352e+07 7.389826175125986338e+07
1.927999999999999936e+00 6.260136372435180843e+07 5.834631132341791689e+07 6.357358883203196526e+07 6.238023652812840044e+07 7.421588859217126667e+07
1.931999999999999940e+00 6.316007613815885782e+07 5.992074720642962307e+07 6.288442300845494866e+07 6.076384604195474088e+07 7.454824216737316549e+07
1.935999999999999943e+00 6.461724259811358154e+07 6.121817062809106708e+07 6.232729948730257899e+07 5.994002710549224168e+07 7.504659214390400052e+07
1.939999999999999947e+00 6.631318301963797212e+07 6.163857497961503267e+07 6.223373221083410829e+07 6.028914910587600619e+07 7.572898386884756386e+07
1.943999999999999950e+00 6.746690531865207851e+07 6.093424705465610325e+07 6.264660018086384982e+07 6.171446580416402221e+07 7.633246665697500110e+07
1.947999999999999954e+00 6.755170741813829541e+07 5.937617230115102232e+07 6.332782071340264380e+07 6.364535268821787834e+07 7.641529945111024380e+07
1.951999999999999957e+00 6.654507839318590611e+07 5.767787604694040120e+07 6.391767545542812347e+07 6.528749387359984964e+07 7.564693245161013305e+07
1.955999999999999961e+00 6.492836504322202504e+07 5.667769787068132311e+07 6.413385517984244972e+07 6.600076803450144082e+07 7.408297905120642483e+07
1.959999999999999964e+00 6.344194388803417236e+07 5.691847748617184162e+07 6.389397912212806195e+07 6.560402775826165080e+07 7.222516947377942502e+07
1.963999999999999968e+00 6.272641101489499211e+07 5.834153873125332594e+07 6.331242622666166723e+07 6.443932381997172534e+07 7.080510216157527268e+07
1.967999999999999972e+00 6.303269104944611341e+07 6.027367365094327182e+07 6.260729122276307642e+07 6.316123034571649879e+07 7.040925587615260482e+07
1.971999999999999975e+00 6.413867055137559772e+07 6.174017827433619648e+07 6.199724829049291462e+07 6.237282040564071387e+07 7.116434777218140662e+07
1.975999999999999979e+00 6.549613707069142163e+07 6.195856860956171155e+07 6.164778796614435315e+07 6.231576614094904065e+07 7.266543238631531596e+07
1.979999999999999982e+00 6.651440546183467656e+07 6.075735587758669257e+07 6.166736081068342924e+07 6.278618123970409483e+07 7.418327215746846795e+07
1.983999999999999986e+00 6.682855138501982391e+07 5.869048556431987882e+07 6.210851026011022925e+07 6.331162342707116157e+07 7.502715703658616543e+07
1.987999999999999989e+00 6.642603852443794161e+07 5.677367265911782533e+07 6.293469916305482388e+07 6.347031185262420774e+07 7.486108834095600247e+07
1.991999999999999993e+00 6.559283021491138637e+07 5.597173568796546757e+07 6.396431698298442364e+07 6.315399998607546091e+07 7.381475454048934579e+07
1.995999999999999996e+00 6.473495981542099267e+07 5.670378628829679638e+07 6.485421103100072592e+07 6.261786439705851674e+07 7.235688157743485272e+07
