0.000000000000000000e+00 2.696629213483145784e-02
5.000000000000000104e-03 5.277524957353865731e-02
1.000000000000000021e-02 7.636774154251722846e-02
1.499999999999999944e-02 9.687183560907830504e-02
2.000000000000000042e-02 1.136743255611591674e-01
2.500000000000000139e-02 1.264683172737403327e-01
2.999999999999999889e-02 1.352727954786433762e-01
3.500000000000000333e-02 1.404228457872333247e-01
4.000000000000000083e-02 1.425320244120494573e-01
4.499999999999999833e-02 1.424309721877766166e-01
5.000000000000000278e-02 1.410885112999638036e-01
5.500000000000000028e-02 1.395229487138514857e-01
5.999999999999999778e-02 1.387120165939066674e-01
6.500000000000000222e-02 1.395097636984098666e-01
7.000000000000000666e-02 1.425778102300240269e-01
7.499999999999999722e-02 1.483368032933619907e-01
8.000000000000000167e-02 1.569418327290419968e-01
8.500000000000000611e-02 1.682832010848275828e-01
8.999999999999999667e-02 1.820115200355593710e-01
9.500000000000000111e-02 1.975838589042641646e-01
1.000000000000000056e-01 2.143258050317609631e-01
1.049999999999999961e-01 2.315029743371846416e-01
1.100000000000000006e-01 2.483948418435237560e-01
1.150000000000000050e-01 2.643637914742882900e-01
1.199999999999999956e-01 2.789129922463967626e-01
1.250000000000000000e-01 2.917280124771693961e-01
1.300000000000000044e-01 3.026988492747031967e-01
1.350000000000000089e-01 3.119210997563480192e-01
1.400000000000000133e-01 3.196771283977182798e-01
1.449999999999999900e-01 3.264000774680287931e-01
1.499999999999999944e-01 3.326252206752963736e-01
1.549999999999999989e-01 3.389343007877375080e-01
1.600000000000000033e-01 3.458989978247124508e-01
1.650000000000000078e-01 3.540294910266805761e-01
1.700000000000000122e-01 3.637332299156831317e-01
1.750000000000000167e-01 3.752876235251917381e-01
1.799999999999999933e-01 3.888285712932704197e-01
1.849999999999999978e-01 4.043548254970136258e-01
1.900000000000000022e-01 4.217463463805568025e-01
1.950000000000000067e-01 4.407933247926862363e-01
2.000000000000000111e-01 4.612315880356682163e-01
2.050000000000000155e-01 4.827797745430073562e-01
2.099999999999999922e-01 5.051739638358199169e-01
2.149999999999999967e-01 5.281962828788552278e-01
2.200000000000000011e-01 5.516952020686707314e-01
2.250000000000000056e-01 5.755965629217235646e-01
2.300000000000000100e-01 5.999056233584848519e-01
2.350000000000000144e-01 6.247013848197119357e-01
2.399999999999999911e-01 6.501250708643102616e-01
2.449999999999999956e-01 6.763648391751586608e-01
2.500000000000000000e-01 7.036386887200374307e-01
2.550000000000000044e-01 7.321771880977601121e-01
2.600000000000000089e-01 7.622072369002974579e-01
2.650000000000000133e-01 7.939376986902418887e-01
2.700000000000000178e-01 8.275474844552377363e-01
2.750000000000000222e-01 8.631765314670053479e-01
2.800000000000000266e-01 9.009200721091792374e-01
2.850000000000000311e-01 9.408265457531456155e-01
2.899999999999999800e-01 9.828993981511741085e-01
2.949999999999999845e-01 1.027102790003372901e+00
2.999999999999999889e-01 1.073370900866640776e+00
3.049999999999999933e-01 1.121620119309626906e+00
3.099999999999999978e-01 1.171763044245915930e+00
3.150000000000000022e-01 1.223722982425445860e+00
3.200000000000000067e-01 1.277447584804514147e+00
3.250000000000000111e-01 1.332920440409401941e+00
3.300000000000000155e-01 1.390169799066931500e+00
3.350000000000000200e-01 1.449274030443759020e+00
3.400000000000000244e-01 1.510363827990224284e+00
3.450000000000000289e-01 1.573621427482863044e+00
3.500000000000000333e-01 1.639277174990627639e+00
3.549999999999999822e-01 1.707603663982859565e+00
3.599999999999999867e-01 1.778907453473171918e+00
3.649999999999999911e-01 1.853518213622751265e+00
3.699999999999999956e-01 1.931775161700577392e+00
3.750000000000000000e-01 2.014010943980920398e+00
3.800000000000000044e-01 2.100533695624495767e+00
3.850000000000000089e-01 2.191608772860131893e+00
3.900000000000000133e-01 2.287442408450979237e+00
3.950000000000000178e-01 2.388170050612081763e+00
4.000000000000000222e-01 2.493852179310840356e+00
4.050000000000000266e-01 2.604479807564252791e+00
4.100000000000000311e-01 2.719990662280902249e+00
4.150000000000000355e-01 2.840295353893962371e+00
4.199999999999999845e-01 2.965310984291646967e+00
4.249999999999999889e-01 3.094997991661885273e+00
4.299999999999999933e-01 3.229394972067889391e+00
4.349999999999999978e-01 3.364977871507512930e+00
4.400000000000000022e-01 3.490442433633378361e+00
4.450000000000000067e-01 3.580517052413079160e+00
4.500000000000000111e-01 3.632646730201760654e+00
4.550000000000000155e-01 3.637806253819042546e+00
4.600000000000000200e-01 3.602733459591056508e+00
4.650000000000000244e-01 3.536850953320391788e+00
4.700000000000000289e-01 3.450909543350810793e+00
4.750000000000000333e-01 3.355943192660704177e+00
4.799999999999999822e-01 3.262332117178012858e+00
4.849999999999999867e-01 3.178968631384027077e+00
4.899999999999999911e-01 3.112598642784858427e+00
4.949999999999999956e-01 3.067390777455192286e+00
5.000000000000000000e-01 3.044763937769112694e+00
5.050000000000000044e-01 3.043479196071707804e+00
5.100000000000000089e-01 3.059976723024027123e+00
5.150000000000000133e-01 3.088915818154269743e+00
5.200000000000000178e-01 3.123858032023396625e+00
5.250000000000000222e-01 3.158021473265915091e+00
5.300000000000000266e-01 3.185029721887056020e+00
5.350000000000000311e-01 3.199581669278872553e+00
5.400000000000000355e-01 3.197978685975755297e+00
5.450000000000000400e-01 3.178461683759525869e+00
5.500000000000000444e-01 3.141331181074313861e+00
5.550000000000000488e-01 3.088846245803900104e+00
5.600000000000000533e-01 3.024920801016994787e+00
5.650000000000000577e-01 2.954655896252855740e+00
5.700000000000000622e-01 2.883762123875399652e+00
5.750000000000000666e-01 2.817935876546107110e+00
5.799999999999999600e-01 2.762255769264609917e+00
5.849999999999999645e-01 2.720661231569709848e+00
5.899999999999999689e-01 2.695564712882303482e+00
5.949999999999999734e-01 2.687633484939455641e+00
5.999999999999999778e-01 2.695758482182797344e+00
6.049999999999999822e-01 2.717208040023311177e+00
6.099999999999999867e-01 2.747945809661311856e+00
6.149999999999999911e-01 2.783076354360525251e+00
6.199999999999999956e-01 2.817370371166894039e+00
6.250000000000000000e-01 2.845815029952847297e+00
6.300000000000000044e-01 2.864133927464784790e+00
6.350000000000000089e-01 2.869225445308831723e+00
6.400000000000000133e-01 2.859477255613551705e+00
6.450000000000000178e-01 2.834927364185313436e+00
6.500000000000000222e-01 2.797257203249925439e+00
6.550000000000000266e-01 2.749618528990893651e+00
6.600000000000000311e-01 2.696311838877063494e+00
6.650000000000000355e-01 2.642348329080190794e+00
6.700000000000000400e-01 2.592938803299604800e+00
6.750000000000000444e-01 2.552960354287980849e+00
6.800000000000000488e-01 2.526454283055823424e+00
6.850000000000000533e-01 2.516206185824643171e+00
6.900000000000000577e-01 2.523451468514448237e+00
6.950000000000000622e-01 2.547737296776020344e+00
7.000000000000000666e-01 2.586956227897330152e+00
7.049999999999999600e-01 2.637549030115637905e+00
7.099999999999999645e-01 2.694856333422901429e+00
7.149999999999999689e-01 2.753582761557549219e+00
7.199999999999999734e-01 2.808324941105411199e+00
7.249999999999999778e-01 2.854107775991465701e+00
7.299999999999999822e-01 2.886872529270423371e+00
7.349999999999999867e-01 2.903865743186129222e+00
7.399999999999999911e-01 2.903889238136647677e+00
7.449999999999999956e-01 2.887387025190779610e+00
7.500000000000000000e-01 2.856363063429379068e+00
7.550000000000000044e-01 2.814142222214366384e+00
7.600000000000000089e-01 2.765003406040911216e+00
7.650000000000000133e-01 2.713726695416562862e+00
7.700000000000000178e-01 2.665104205229562595e+00
7.750000000000000222e-01 2.623466484897019058e+00
7.800000000000000266e-01 2.592272714681964629e+00
7.850000000000000311e-01 2.573804374666455175e+00
7.900000000000000355e-01 2.568989677467303778e+00
7.950000000000000400e-01 2.577371394102767610e+00
8.000000000000000444e-01 2.597215425901966412e+00
8.050000000000000488e-01 2.625743188470774925e+00
8.100000000000000533e-01 2.659458970040873282e+00
8.150000000000000577e-01 2.694534977140961018e+00
8.200000000000000622e-01 2.727212465174000400e+00
8.250000000000000666e-01 2.754177426916948335e+00
8.300000000000000711e-01 2.772873611241966074e+00
8.349999999999999645e-01 2.781723602704477827e+00
8.399999999999999689e-01 2.780239399285733271e+00
8.449999999999999734e-01 2.769016203179042179e+00
8.499999999999999778e-01 2.749615652589110226e+00
8.549999999999999822e-01 2.724356111923142976e+00
8.599999999999999867e-01 2.696036671542412222e+00
8.649999999999999911e-01 2.667627231762637052e+00
8.699999999999999956e-01 2.641958908231067937e+00
8.750000000000000000e-01 2.621446929473147947e+00
8.800000000000000044e-01 2.607872630977325912e+00
8.850000000000000089e-01 2.602242947348099023e+00
8.900000000000000133e-01 2.604736133296459144e+00
8.950000000000000178e-01 2.614732599512148425e+00
9.000000000000000222e-01 2.630920953104753934e+00
9.050000000000000266e-01 2.651462555731098902e+00
9.100000000000000311e-01 2.674193747977993141e+00
9.150000000000000355e-01 2.696843494189282708e+00
9.200000000000000400e-01 2.717245327322270754e+00
9.250000000000000444e-01 2.733525555725124789e+00
9.300000000000000488e-01 2.744253999806378630e+00
9.350000000000000533e-01 2.748548308409715091e+00
9.400000000000000577e-01 2.746127534638631573e+00
9.450000000000000622e-01 2.737314709887339603e+00
9.500000000000000666e-01 2.722991460339763137e+00
9.550000000000000711e-01 2.704510284563621525e+00
9.599999999999999645e-01 2.683572105642717531e+00
9.649999999999999689e-01 2.662078311724513924e+00
9.699999999999999734e-01 2.641967834772707135e+00
9.749999999999999778e-01 2.625050903989256668e+00
9.799999999999999822e-01 2.612851832204299285e+00
9.849999999999999867e-01 2.606473332488112860e+00
9.899999999999999911e-01 2.606494161218453343e+00
9.949999999999999956e-01 2.612910127551204553e+00
1.000000000000000000e+00 2.625125601507027895e+00
1.005000000000000115e+00 2.641998671597534099e+00
1.010000000000000009e+00 2.661938320020151849e+00
1.015000000000000124e+00 2.683046845509196032e+00
1.020000000000000018e+00 2.703295837738028951e+00
1.024999999999999911e+00 2.720719901068413549e+00
1.030000000000000027e+00 2.733609601234121556e+00
1.034999999999999920e+00 2.740684198380360925e+00
1.040000000000000036e+00 2.741225871087404897e+00
1.044999999999999929e+00 2.735160331547348278e+00
1.050000000000000044e+00 2.723073740890669114e+00
1.054999999999999938e+00 2.706162190117566979e+00
1.060000000000000053e+00 2.686117071518090427e+00
1.064999999999999947e+00 2.664956670366613878e+00
1.070000000000000062e+00 2.644820467455755164e+00
1.074999999999999956e+00 2.627747225732957048e+00
1.080000000000000071e+00 2.615460347487186255e+00
1.084999999999999964e+00 2.609183860264696619e+00
1.090000000000000080e+00 2.609509625133998867e+00
1.094999999999999973e+00 2.616331171658003996e+00
1.100000000000000089e+00 2.628852461875297308e+00
1.104999999999999982e+00 2.645671638056334984e+00
1.110000000000000098e+00 2.664931356670230400e+00
1.114999999999999991e+00 2.684519656676798149e+00
1.120000000000000107e+00 2.702299391602025480e+00
1.125000000000000000e+00 2.716340818969520399e+00
1.130000000000000115e+00 2.725131439092365326e+00
1.135000000000000009e+00 2.727739696822872872e+00
1.140000000000000124e+00 2.723914412749550706e+00
1.145000000000000018e+00 2.714109157910726822e+00
1.150000000000000133e+00 2.699429331542724242e+00
1.155000000000000027e+00 2.681508408987465231e+00
1.159999999999999920e+00 2.662327660597973988e+00
1.165000000000000036e+00 2.643999701055754770e+00
1.169999999999999929e+00 2.628539856779887884e+00
1.175000000000000044e+00 2.617650200148347039e+00
1.179999999999999938e+00 2.612539199136332257e+00
1.185000000000000053e+00 2.613795596159373957e+00
1.189999999999999947e+00 2.621328944518097614e+00
1.195000000000000062e+00 2.634381947230579613e+00
1.199999999999999956e+00 2.651612180896556481e+00
1.205000000000000071e+00 2.671233737004552466e+00
1.209999999999999964e+00 2.691203455479396212e+00
1.215000000000000080e+00 2.709432274640288796e+00
1.219999999999999973e+00 2.724000095535661359e+00
1.225000000000000089e+00 2.733352570324942832e+00
1.229999999999999982e+00 2.736460295144382826e+00
1.235000000000000098e+00 2.732924769923794628e+00
1.239999999999999991e+00 2.723020794497799102e+00
1.245000000000000107e+00 2.707671209908735221e+00
1.250000000000000000e+00 2.688356503183619850e+00
1.255000000000000115e+00 2.666968176781114863e+00
1.260000000000000009e+00 2.645620351783772861e+00
1.265000000000000124e+00 2.626438291493737864e+00
1.270000000000000018e+00 2.611344966109641064e+00
1.275000000000000133e+00 2.601867146172942569e+00
1.280000000000000027e+00 2.598980719651855509e+00
1.284999999999999920e+00 2.603011098710084070e+00
1.290000000000000036e+00 2.613599062018234775e+00
1.294999999999999929e+00 2.629735709763902918e+00
1.300000000000000044e+00 2.649863081929204611e+00
1.304999999999999938e+00 2.672030170269223959e+00
1.310000000000000053e+00 2.694088289486451515e+00
1.314999999999999947e+00 2.713905704350505488e+00
1.320000000000000062e+00 2.729579488980338198e+00
1.324999999999999956e+00 2.739623027271065325e+00
1.330000000000000071e+00 2.743110282530381028e+00
1.334999999999999964e+00 2.739762641810994381e+00
1.340000000000000080e+00 2.729970232739642455e+00
1.344999999999999973e+00 2.714746431005199412e+00
1.350000000000000089e+00 2.695621081728205581e+00
1.354999999999999982e+00 2.674484036592605918e+00
1.360000000000000098e+00 2.653395359848964574e+00
1.364999999999999991e+00 2.634381546931763296e+00
1.370000000000000107e+00 2.619238096730391874e+00
1.375000000000000000e+00 2.609357757325803107e+00
1.380000000000000115e+00 2.605600892627535359e+00
1.385000000000000009e+00 2.608220022878704469e+00
1.390000000000000124e+00 2.616845125892020008e+00
1.395000000000000018e+00 2.630530275988984812e+00
1.400000000000000133e+00 2.647856205334608859e+00
1.405000000000000027e+00 2.667077950523211172e+00
1.409999999999999920e+00 2.686302399742146463e+00
1.415000000000000036e+00 2.703677698831175036e+00
1.419999999999999929e+00 2.717575399605998143e+00
1.425000000000000044e+00 2.726747075205881998e+00
1.429999999999999938e+00 2.730439837308740181e+00
1.435000000000000053e+00 2.728459528598747852e+00
1.439999999999999947e+00 2.721175906391426480e+00
1.445000000000000062e+00 2.709470302825600641e+00
1.449999999999999956e+00 2.694632369372040870e+00
1.455000000000000071e+00 2.678217892722489779e+00
1.459999999999999964e+00 2.661883674586729143e+00
1.465000000000000080e+00 2.647217620063102572e+00
1.469999999999999973e+00 2.635582221262744440e+00
1.475000000000000089e+00 2.627987564468803328e+00
1.479999999999999982e+00 2.625006112750583043e+00
1.485000000000000098e+00 2.626736342192970142e+00
1.489999999999999991e+00 2.632816525022096954e+00
1.495000000000000107e+00 2.642484309507242557e+00
1.500000000000000000e+00 2.654672952630576788e+00
1.505000000000000115e+00 2.668131677172436156e+00
1.510000000000000009e+00 2.681555983509475993e+00
1.515000000000000124e+00 2.693713915086615174e+00
1.520000000000000018e+00 2.703556061008782763e+00
1.525000000000000133e+00 2.710300072734916910e+00
1.530000000000000027e+00 2.713484137258248552e+00
1.535000000000000142e+00 2.712987618096462938e+00
1.540000000000000036e+00 2.709020445961662915e+00
1.544999999999999929e+00 2.702085454497016315e+00
1.550000000000000044e+00 2.692919540574401083e+00
1.554999999999999938e+00 2.682420299207954884e+00
1.560000000000000053e+00 2.671564808100068689e+00
1.564999999999999947e+00 2.661326771684446868e+00
1.570000000000000062e+00 2.652597545892110276e+00
1.574999999999999956e+00 2.646115860381659246e+00
1.580000000000000071e+00 2.642410435502107191e+00
1.584999999999999964e+00 2.641759136677990227e+00
1.590000000000000080e+00 2.644167699252086834e+00
1.594999999999999973e+00 2.649370223316083184e+00
1.600000000000000089e+00 2.656852429967315743e+00
1.604999999999999982e+00 2.665897020503571468e+00
1.610000000000000098e+00 2.675648450516199262e+00
1.614999999999999991e+00 2.685192226956623074e+00
1.620000000000000107e+00 2.693641781531574964e+00
1.625000000000000000e+00 2.700224450545185562e+00
1.630000000000000115e+00 2.704357458796202707e+00
1.635000000000000009e+00 2.705705313749362517e+00
1.640000000000000124e+00 2.704211737835926499e+00
1.645000000000000018e+00 2.700102058882869471e+00
1.650000000000000133e+00 2.693855492484864556e+00
1.655000000000000027e+00 2.686150482943183704e+00
1.660000000000000142e+00 2.677789652650020003e+00
1.665000000000000036e+00 2.669613413835136839e+00
1.669999999999999929e+00 2.662412531350177858e+00
1.675000000000000044e+00 2.656849714190823164e+00
1.679999999999999938e+00 2.653398726298927812e+00
1.685000000000000053e+00 2.652306842725771219e+00
1.689999999999999947e+00 2.653583202077580694e+00
1.695000000000000062e+00 2.657012261675983922e+00
1.699999999999999956e+00 2.662188660125686113e+00
1.705000000000000071e+00 2.668567722721171265e+00
1.709999999999999964e+00 2.675524813095897514e+00
1.715000000000000080e+00 2.682416738743853557e+00
1.719999999999999973e+00 2.688639275364579362e+00
1.725000000000000089e+00 2.693676279577150723e+00
1.729999999999999982e+00 2.697137463152543546e+00
1.735000000000000098e+00 2.698783394583248452e+00
1.739999999999999991e+00 2.698537467095363240e+00
1.745000000000000107e+00 2.696485350825561511e+00
1.750000000000000000e+00 2.692862883635704918e+00
1.755000000000000115e+00 2.688033593328142956e+00
1.760000000000000009e+00 2.682457259006731931e+00
1.765000000000000124e+00 2.676651254984818706e+00
1.770000000000000018e+00 2.671146939177049262e+00
1.775000000000000133e+00 2.666444005043722143e+00
1.780000000000000027e+00 2.662966368521502147e+00
1.785000000000000142e+00 2.661023604058598835e+00
1.790000000000000036e+00 2.660781967876602039e+00
1.794999999999999929e+00 2.662248501683350810e+00
1.800000000000000044e+00 2.665270556030741034e+00
1.804999999999999938e+00 2.669551405003112166e+00
1.810000000000000053e+00 2.674680667753293051e+00
1.814999999999999947e+00 2.680176321709026865e+00
1.820000000000000062e+00 2.685533527031225276e+00
1.824999999999999956e+00 2.690274574367634841e+00
1.830000000000000071e+00 2.693994197062288265e+00
1.834999999999999964e+00 2.696395277419760816e+00
1.840000000000000080e+00 2.697311482519282322e+00
1.844999999999999973e+00 2.696715309053487886e+00
1.850000000000000089e+00 2.694712040832669686e+00
1.854999999999999982e+00 2.691521866180224265e+00
1.860000000000000098e+00 2.687453578403875554e+00
1.864999999999999991e+00 2.682873737004598524e+00
1.870000000000000107e+00 2.678174907813968275e+00
1.875000000000000000e+00 2.673745787448034150e+00
1.880000000000000115e+00 2.669944920654110376e+00
1.885000000000000009e+00 2.667078648106624428e+00
1.890000000000000124e+00 2.665383150136513279e+00
1.895000000000000018e+00 2.665010148438717863e+00
1.900000000000000133e+00 2.666016018649663977e+00
1.905000000000000027e+00 2.668354628959512809e+00
1.910000000000000142e+00 2.671874915535354944e+00
1.915000000000000036e+00 2.676324744147962065e+00
1.919999999999999929e+00 2.681362724497304839e+00
1.925000000000000044e+00 2.686579174093672862e+00
1.929999999999999938e+00 2.691526357707907380e+00
1.935000000000000053e+00 2.695756607629284929e+00
1.939999999999999947e+00 2.698865251025672762e+00
1.945000000000000062e+00 2.700533804005011973e+00
1.949999999999999956e+00 2.700568002796899236e+00
1.955000000000000071e+00 2.698925203728030908e+00
1.959999999999999964e+00 2.695726606573245476e+00
1.965000000000000080e+00 2.691251554984930294e+00
1.969999999999999973e+00 2.685913569854747607e+00
1.975000000000000089e+00 2.680220367369656742e+00
1.979999999999999982e+00 2.674722441177834753e+00
1.985000000000000098e+00 2.669956429497055694e+00
1.989999999999999991e+00 2.666390156712772352e+00
1.995000000000000107e+00 2.664375839053079176e+00
